-1.923702597618103 -1.2648298740386963 0.3849363923072815 -1.5134010314941406 0.7107983827590942 0.19812767207622528 -2.0588326454162598 -0.6590061187744141 0.2544936537742615 -0.8989620208740234 1.6540796756744385 -0.005328665021806955 -1.6460983753204346 1.2545887231826782 -0.10016966611146927 -2.3932347297668457 0.8550976514816284 -0.19501067698001862 -0.18656185269355774 3.2710492610931396 -1.9436020851135254 -0.9248858094215393 2.9343245029449463 -1.682268500328064 -1.7787957191467285 1.7983790636062622 -0.3984670042991638 -2.5259320735931396 1.3988879919052124 -0.49330800771713257
-0.18656185269355774 3.2710492610931396 -1.9436020851135254 -0.19984686374664307 3.1404736042022705 -2.0805423259735107 -0.9248858094215393 2.9343245029449463 -1.682268500328064 -0.2131318747997284 3.0098979473114014 -2.217482566833496 -0.9381707310676575 2.803748846054077 -1.8192088603973389 -1.7787957191467285 1.7983790636062622 -0.3984670042991638 -0.22641688585281372 2.8793225288391113 -2.3544228076934814 -0.9514557719230652 2.673173189163208 -1.9561491012573242 -1.7787957191467285 1.7983790636062622 -0.5881486535072327 -2.5259320735931396 1.3988879919052124 -0.49330800771713257
-0.22641688585281372 2.8793225288391113 -2.3544228076934814 -0.8989620208740234 1.6540796756744385 -0.9812867045402527 -0.9514557719230652 2.673173189163208 -1.9561491012573242 -1.5134010314941406 0.7107983827590942 -1.1847434043884277 -1.6460983753204346 1.2545887231826782 -0.8864459991455078 -1.7787957191467285 1.7983790636062622 -0.5881486535072327 -1.9402382373809814 -1.1781127452850342 -1.4091922044754028 -2.075007200241089 -0.7428687810897827 -0.9679465293884277 -2.3932347297668457 0.8550976514816284 -0.7916053533554077 -2.5259320735931396 1.3988879919052124 -0.49330800771713257
-1.9402382373809814 -1.1781127452850342 -1.4091922044754028 -1.9398770332336426 -1.3486924171447754 -0.8375039100646973 -2.075007200241089 -0.7428687810897827 -0.9679465293884277 -1.9395160675048828 -1.5192720890045166 -0.2658154368400574 -2.07464599609375 -0.9134483337402344 -0.3962581753730774 -2.3932347297668457 0.8550976514816284 -0.7916053533554077 -1.923702597618103 -1.2648298740386963 0.3849363923072815 -2.0588326454162598 -0.6590061187744141 0.2544936537742615 -2.3932347297668457 0.8550976514816284 -0.19501067698001862 -2.5259320735931396 1.3988879919052124 -0.49330800771713257
-1.9402382373809814 -1.1781127452850342 -1.4091922044754028 -1.5134010314941406 0.7107983827590942 -1.1847434043884277 -1.2335469722747803 -0.49863970279693604 -1.7742640972137451 -0.8989620208740234 1.6540796756744385 -0.9812867045402527 -0.8041210174560547 1.2545887231826782 -1.728422999382019 -0.7092800140380859 0.8550976514816284 -2.4755592346191406 -0.22641688585281372 2.8793225288391113 -2.3544228076934814 -0.17097830772399902 2.073089361190796 -2.625929832458496 -0.09484100341796875 1.7983790636062622 -2.2721025943756104 0.0 1.3988879919052124 -3.0192389488220215
-0.22641688585281372 2.8793225288391113 -2.3544228076934814 -0.037304699420928955 2.8747105598449707 -2.3683714866638184 -0.17097830772399902 2.073089361190796 -2.625929832458496 0.1518075168132782 2.870098352432251 -2.3823204040527344 0.018133893609046936 2.0684773921966553 -2.639878511428833 -0.09484100341796875 1.7983790636062622 -2.2721025943756104 0.34091973304748535 2.8654863834381104 -2.3962690830230713 0.2072460949420929 2.0638654232025146 -2.65382719039917 0.09484100341796875 1.7983790636062622 -2.2721025943756104 0.0 1.3988879919052124 -3.0192389488220215
0.34091973304748535 2.8654863834381104 -2.3962690830230713 0.8989620208740234 1.6540796756744385 -0.9812867045402527 0.2072460949420929 2.0638654232025146 -2.65382719039917 1.6971852779388428 -0.3173027038574219 -0.9423222541809082 0.8041210174560547 1.2545887231826782 -1.728422999382019 0.09484100341796875 1.7983790636062622 -2.2721025943756104 2.3154044151306152 -1.1604773998260498 -1.406618595123291 1.603548288345337 -0.486882746219635 -1.7725483179092407 0.7092800140380859 0.8550976514816284 -2.4755592346191406 0.0 1.3988879919052124 -3.0192389488220215
2.3154044151306152 -1.1604773998260498 -1.406618595123291 0.8968570232391357 -1.166355848312378 -1.4074764251708984 1.603548288345337 -0.486882746219635 -1.7725483179092407 -0.5216906070709229 -1.172234296798706 -1.4083343744277954 0.18500064313411713 -0.4927612543106079 -1.7734061479568481 0.7092800140380859 0.8550976514816284 -2.4755592346191406 -1.9402382373809814 -1.1781127452850342 -1.4091922044754028 -1.2335469722747803 -0.49863970279693604 -1.7742640972137451 -0.7092800140380859 0.8550976514816284 -2.4755592346191406 0.0 1.3988879919052124 -3.0192389488220215
2.3154044151306152 -1.1604773998260498 -1.406618595123291 1.6971852779388428 -0.3173027038574219 -0.9423222541809082 2.446027994155884 -0.7241334915161133 -0.965212345123291 0.8989620208740234 1.6540796756744385 -0.9812867045402527 1.6460983753204346 1.2545887231826782 -0.8864459991455078 2.5766513347625732 -0.28778964281082153 -0.5238062739372253 0.34091973304748535 2.8654863834381104 -2.3962690830230713 1.1056649684906006 2.623004913330078 -2.1078803539276123 1.8704102039337158 2.380523681640625 -1.8194915056228638 2.635155439376831 2.1380422115325928 -1.5311028957366943
0.34091973304748535 2.8654863834381104 -2.3962690830230713 0.3542047441005707 2.9960620403289795 -2.259328842163086 1.1056649684906006 2.623004913330078 -2.1078803539276123 0.6334206461906433 3.4011242389678955 -2.9626758098602295 1.1189498901367188 2.7535805702209473 -1.970940113067627 1.8704102039337158 2.380523681640625 -1.8194915056228638 0.38077476620674133 3.2572131156921387 -1.9854482412338257 1.132235050201416 2.8841562271118164 -1.833999752998352 1.883695125579834 2.511099100112915 -1.6825512647628784 2.635155439376831 2.1380422115325928 -1.5311028957366943
0.38077476620674133 3.2572131156921387 -1.9854482412338257 0.8989620208740234 1.6540796756744385 -0.005328665021806955 1.132235050201416 2.8841562271118164 -1.833999752998352 1.6980223655700684 -0.7126961946487427 0.3828175365924835 1.6460983753204346 1.2545887231826782 -0.10016966611146927 1.883695125579834 2.511099100112915 -1.6825512647628784 2.331940174102783 -1.2471944093704224 0.3875100612640381 2.4467504024505615 -1.0652928352355957 0.17816439270973206 2.577012300491333 -0.45836931467056274 0.047882139682769775 2.635155439376831 2.1380422115325928 -1.5311028957366943
2.331940174102783 -1.2471944093704224 0.3875100612640381 2.316126823425293 -1.5016366243362427 -0.26324179768562317 2.4467504024505615 -1.0652928352355957 0.17816439270973206 2.315765619277954 -1.3310569524765015 -0.8349302411079407 2.4463891983032227 -0.8947131633758545 -0.39352402091026306 2.577012300491333 -0.45836931467056274 0.047882139682769775 2.3154044151306152 -1.1604773998260498 -1.406618595123291 2.446027994155884 -0.7241334915161133 -0.965212345123291 2.5766513347625732 -0.28778964281082153 -0.5238062739372253 2.635155439376831 2.1380422115325928 -1.5311028957366943
2.331940174102783 -1.2471944093704224 0.3875100612640381 1.6980223655700684 -0.7126961946487427 0.3828175365924835 1.6207422018051147 -0.88450026512146 1.0635454654693604 0.8989620208740234 1.6540796756744385 -0.005328665021806955 0.8439739942550659 1.8670687675476074 -0.12208175659179688 0.7491329908370972 1.4675774574279785 0.6250545978546143 0.38077476620674133 3.2572131156921387 -1.9854482412338257 0.3517577052116394 3.4842400550842285 -1.1642186641693115 0.13469401001930237 2.4108588695526123 0.4215981960296631 0.03985300287604332 2.0113675594329834 1.1687345504760742
0.38077476620674133 3.2572131156921387 -1.9854482412338257 0.19166254997253418 3.2618253231048584 -1.9714994430541992 0.3517577052116394 3.4842400550842285 -1.1642186641693115 0.00255034863948822 3.266437292098999 -1.9575507640838623 0.16264550387859344 3.488852024078369 -1.1502699851989746 0.13469401001930237 2.4108588695526123 0.4215981960296631 -0.18656185269355774 3.2710492610931396 -1.9436020851135254 -0.02646671235561371 3.4934639930725098 -1.1363213062286377 -0.05498800054192543 2.4108588695526123 0.4215981960296631 0.03985300287604332 2.0113675594329834 1.1687345504760742
-0.18656185269355774 3.2710492610931396 -1.9436020851135254 -0.8989620208740234 1.6540796756744385 -0.005328665021806955 -0.02646671235561371 3.4934639930725098 -1.1363213062286377 -1.5134010314941406 0.7107983827590942 0.19812767207622528 -0.7642680406570435 1.8670687675476074 -0.12208175659179688 -0.05498800054192543 2.4108588695526123 0.4215981960296631 -1.923702597618103 -1.2648298740386963 0.3849363923072815 -1.2163530588150024 -0.8962572813034058 1.061829686164856 -0.6694270372390747 1.4675774574279785 0.6250545978546143 0.03985300287604332 2.0113675594329834 1.1687345504760742
-1.923702597618103 -1.2648298740386963 0.3849363923072815 -0.5051548480987549 -1.2589513063430786 0.3857942819595337 -1.2163530588150024 -0.8962572813034058 1.061829686164856 0.9133927822113037 -1.2530728578567505 0.3866521716117859 0.20219458639621735 -0.8903787136077881 1.062687635421753 -0.6694270372390747 1.4675774574279785 0.6250545978546143 2.331940174102783 -1.2471944093704224 0.3875100612640381 1.6207422018051147 -0.88450026512146 1.0635454654693604 0.7491329908370972 1.4675774574279785 0.6250545978546143 0.03985300287604332 2.0113675594329834 1.1687345504760742
-1.9402382373809814 -1.1781127452850342 -1.4091922044754028 -0.5216906070709229 -1.172234296798706 -1.4083343744277954 -1.2307839393615723 -1.2604633569717407 -1.1229190826416016 0.8968570232391357 -1.166355848312378 -1.4074764251708984 0.1877637505531311 -1.2545849084854126 -1.1220611333847046 -0.521329402923584 -1.3428139686584473 -0.8366460204124451 2.3154044151306152 -1.1604773998260498 -1.406618595123291 1.606311321258545 -1.2487064599990845 -1.1212033033370972 0.8972182273864746 -1.3369355201721191 -0.8357881307601929 0.1881248950958252 -1.4251645803451538 -0.550372838973999
2.3154044151306152 -1.1604773998260498 -1.406618595123291 2.315765619277954 -1.3310569524765015 -0.8349302411079407 1.606311321258545 -1.2487064599990845 -1.1212033033370972 2.316126823425293 -1.5016366243362427 -0.26324179768562317 1.6066725254058838 -1.4192860126495361 -0.549514889717102 0.8972182273864746 -1.3369355201721191 -0.8357881307601929 2.331940174102783 -1.2471944093704224 0.3875100612640381 1.622485876083374 -1.1648437976837158 0.10123686492443085 0.8975793123245239 -1.5075150728225708 -0.264099657535553 0.1881248950958252 -1.4251645803451538 -0.550372838973999
2.331940174102783 -1.2471944093704224 0.3875100612640381 0.9133927822113037 -1.2530728578567505 0.3866521716117859 1.622485876083374 -1.1648437976837158 0.10123686492443085 -0.5051548480987549 -1.2589513063430786 0.3857942819595337 0.203938290476799 -1.170722246170044 0.10037897527217865 0.8975793123245239 -1.5075150728225708 -0.264099657535553 -1.923702597618103 -1.2648298740386963 0.3849363923072815 -1.2146093845367432 -1.176600694656372 0.09952111542224884 -0.5209683179855347 -1.5133936405181885 -0.2649575471878052 0.1881248950958252 -1.4251645803451538 -0.550372838973999
-1.923702597618103 -1.2648298740386963 0.3849363923072815 -1.9395160675048828 -1.5192720890045166 -0.2658154368400574 -1.2146093845367432 -1.176600694656372 0.09952111542224884 -1.9398770332336426 -1.3486924171447754 -0.8375039100646973 -1.2304227352142334 -1.431043028831482 -0.5512306690216064 -0.5209683179855347 -1.5133936405181885 -0.2649575471878052 -1.9402382373809814 -1.1781127452850342 -1.4091922044754028 -1.2307839393615723 -1.2604633569717407 -1.1229190826416016 -0.521329402923584 -1.3428139686584473 -0.8366460204124451 0.1881248950958252 -1.4251645803451538 -0.550372838973999
0.34091973304748535 2.8654863834381104 -2.3962690830230713 0.1518075168132782 2.870098352432251 -2.3823204040527344 0.5360962748527527 3.108597993850708 -3.466799736022949 -0.037304699420928955 2.8747105598449707 -2.3683714866638184 0.34720346331596375 3.1238765716552734 -3.4748833179473877 0.46981871128082275 3.1939971446990967 -3.9821062088012695 -0.22641688585281372 2.8793225288391113 -2.3544228076934814 0.1583106368780136 3.139155149459839 -3.482966661453247 0.2809259593486786 3.209275722503662 -3.990189790725708 0.4035411775112152 3.2793960571289062 -4.497412204742432
-0.22641688585281372 2.8793225288391113 -2.3544228076934814 -0.2131318747997284 3.0098979473114014 -2.217482566833496 0.1583106368780136 3.139155149459839 -3.482966661453247 -0.19984686374664307 3.1404736042022705 -2.0805423259735107 0.17383407056331635 3.328117609024048 -3.488557815551758 0.2809259593486786 3.209275722503662 -3.990189790725708 -0.18656185269355774 3.2710492610931396 -1.9436020851135254 0.18935748934745789 3.517080545425415 -3.4941487312316895 0.29644930362701416 3.398238182067871 -3.9957804679870605 0.4035411775112152 3.2793960571289062 -4.497412204742432
-0.18656185269355774 3.2710492610931396 -1.9436020851135254 0.00255034863948822 3.266437292098999 -1.9575507640838623 0.18935748934745789 3.517080545425415 -3.4941487312316895 0.19166254997253418 3.2618253231048584 -1.9714994430541992 0.3782503008842468 3.5018017292022705 -3.48606538772583 0.29644930362701416 3.398238182067871 -3.9957804679870605 0.38077476620674133 3.2572131156921387 -1.9854482412338257 0.5671430826187134 3.486523151397705 -3.4779820442199707 0.4853421151638031 3.3829593658447266 -3.987697124481201 0.4035411775112152 3.2793960571289062 -4.497412204742432
0.38077476620674133 3.2572131156921387 -1.9854482412338257 0.6334206461906433 3.4011242389678955 -2.9626758098602295 0.5671430826187134 3.486523151397705 -3.4779820442199707 0.3542047441005707 2.9960620403289795 -2.259328842163086 0.5516196489334106 3.297560453414917 -3.472390651702881 0.4853421151638031 3.3829593658447266 -3.987697124481201 0.34091973304748535 2.8654863834381104 -2.3962690830230713 0.5360962748527527 3.108597993850708 -3.466799736022949 0.46981871128082275 3.1939971446990967 -3.9821062088012695 0.4035411775112152 3.2793960571289062 -4.497412204742432
