-0.7105554342269897 -0.0824844017624855 0.2909238040447235 -0.8948919773101807 0.8550972938537598 0.4015839993953705 -0.8948919773101807 0.3113073408603668 0.10328666120767593 -0.8948919773101807 1.942677617073059 0.4015839993953705 -0.8948919773101807 1.3988876342773438 0.10328666120767593 -0.8948919773101807 0.8550976514816284 -0.19501067698001862 -0.7198766469955444 2.5397496223449707 0.08867558091878891 -0.8948919773101807 2.4864678382873535 0.10328666120767593 -0.8948919773101807 1.9426779747009277 -0.19501067698001862 -0.8948919773101807 1.3988879919052124 -0.49330800771713257
-0.7198766469955444 2.5397496223449707 0.08867558091878891 -0.7782745957374573 2.8283956050872803 -0.21845698356628418 -0.8948919773101807 2.4864678382873535 0.10328666120767593 -0.7782745957374573 2.8283956050872803 -0.8150516748428345 -0.8948919773101807 2.4864678382873535 -0.49330800771713257 -0.8948919773101807 1.9426779747009277 -0.19501067698001862 -0.8597742319107056 2.6011385917663574 -0.9263380169868469 -0.9318980574607849 2.3554091453552246 -0.8846670985221863 -0.8948919773101807 1.9426779747009277 -0.7916053533554077 -0.8948919773101807 1.3988879919052124 -0.49330800771713257
-0.8597742319107056 2.6011385917663574 -0.9263380169868469 -0.8948919773101807 1.942677617073059 -1.388200044631958 -0.9318980574607849 2.3554091453552246 -0.8846670985221863 -0.8948919773101807 0.8550972938537598 -1.388200044631958 -0.8948919773101807 1.3988876342773438 -1.089902639389038 -0.8948919773101807 1.9426779747009277 -0.7916053533554077 -0.683945894241333 -0.0215672105550766 -1.2449129819869995 -0.8948919773101807 0.3113073408603668 -1.089902639389038 -0.8948919773101807 0.8550976514816284 -0.7916053533554077 -0.8948919773101807 1.3988879919052124 -0.49330800771713257
-0.683945894241333 -0.0215672105550766 -1.2449129819869995 -0.7009857296943665 -0.13553839921951294 -0.7876545786857605 -0.8948919773101807 0.3113073408603668 -1.089902639389038 -0.7009857296943665 -0.13553839921951294 -0.1910598874092102 -0.8948919773101807 0.3113073408603668 -0.49330800771713257 -0.8948919773101807 0.8550976514816284 -0.7916053533554077 -0.7105554342269897 -0.0824844017624855 0.2909238040447235 -0.8948919773101807 0.3113073408603668 0.10328666120767593 -0.8948919773101807 0.8550976514816284 -0.19501067698001862 -0.8948919773101807 1.3988879919052124 -0.49330800771713257
-0.683945894241333 -0.0215672105550766 -1.2449129819869995 -0.8948919773101807 0.8550972938537598 -1.388200044631958 -0.5965946316719055 0.3113073408603668 -1.388200044631958 -0.8948919773101807 1.942677617073059 -1.388200044631958 -0.5965946316719055 1.3988876342773438 -1.388200044631958 -0.29829731583595276 0.8550976514816284 -1.388200044631958 -0.8597742319107056 2.6011385917663574 -0.9263380169868469 -0.6336007118225098 2.3554091453552246 -1.182964563369751 -0.29829731583595276 1.9426779747009277 -1.388200044631958 0.0 1.3988879919052124 -1.388200044631958
-0.8597742319107056 2.6011385917663574 -0.9263380169868469 -0.26317960023880005 2.6011385917663574 -0.9263380169868469 -0.6336007118225098 2.3554091453552246 -1.182964563369751 0.02297508716583252 2.4331586360931396 -0.9949004650115967 -0.03700609877705574 2.3554091453552246 -1.182964563369751 -0.29829731583595276 1.9426779747009277 -1.388200044631958 0.716755211353302 2.585975170135498 -0.951982855796814 0.2491486370563507 2.187429189682007 -1.2515270709991455 0.29829731583595276 1.9426779747009277 -1.388200044631958 0.0 1.3988879919052124 -1.388200044631958
0.716755211353302 2.585975170135498 -0.951982855796814 0.8948919773101807 1.942677617073059 -1.388200044631958 0.2491486370563507 2.187429189682007 -1.2515270709991455 0.8948919773101807 0.8550972938537598 -1.388200044631958 0.5965946316719055 1.3988876342773438 -1.388200044631958 0.29829731583595276 1.9426779747009277 -1.388200044631958 0.7864685654640198 -0.07022877037525177 -1.2539920806884766 0.5965946316719055 0.3113073408603668 -1.388200044631958 0.29829731583595276 0.8550976514816284 -1.388200044631958 0.0 1.3988879919052124 -1.388200044631958
0.7864685654640198 -0.07022877037525177 -1.2539920806884766 0.3153371214866638 -0.11851181089878082 -1.2488638162612915 0.5965946316719055 0.3113073408603668 -1.388200044631958 -0.2812575101852417 -0.11851181089878082 -1.2488638162612915 0.0 0.3113073408603668 -1.388200044631958 0.29829731583595276 0.8550976514816284 -1.388200044631958 -0.683945894241333 -0.0215672105550766 -1.2449129819869995 -0.5965946316719055 0.3113073408603668 -1.388200044631958 -0.29829731583595276 0.8550976514816284 -1.388200044631958 0.0 1.3988879919052124 -1.388200044631958
0.7864685654640198 -0.07022877037525177 -1.2539920806884766 0.8948919773101807 0.8550972938537598 -1.388200044631958 0.8948919773101807 0.3113073408603668 -1.089902639389038 0.8948919773101807 1.942677617073059 -1.388200044631958 0.8948919773101807 1.3988876342773438 -1.089902639389038 0.8948919773101807 0.8550976514816284 -0.7916053533554077 0.716755211353302 2.585975170135498 -0.951982855796814 0.5474460124969482 2.187429189682007 -0.953229546546936 0.8948919773101807 1.9426779747009277 -0.7916053533554077 0.8948919773101807 1.3988879919052124 -0.49330800771713257
0.716755211353302 2.585975170135498 -0.951982855796814 0.7918250560760498 2.7245476245880127 -0.877890944480896 0.5474460124969482 2.187429189682007 -0.953229546546936 0.7918250560760498 2.7245476245880127 -0.2812962532043457 0.6816374659538269 2.471304416656494 -0.5189528465270996 0.8948919773101807 1.9426779747009277 -0.7916053533554077 0.8793541193008423 2.674400806427002 0.07708549499511719 0.6816374659538269 2.471304416656494 0.0776418074965477 0.8948919773101807 1.9426779747009277 -0.19501067698001862 0.8948919773101807 1.3988879919052124 -0.49330800771713257
0.8793541193008423 2.674400806427002 0.07708549499511719 0.8948919773101807 1.942677617073059 0.4015839993953705 0.6816374659538269 2.471304416656494 0.0776418074965477 0.8948919773101807 0.8550972938537598 0.4015839993953705 0.8948919773101807 1.3988876342773438 0.10328666120767593 0.8948919773101807 1.9426779747009277 -0.19501067698001862 0.759859025478363 -0.13114595413208008 0.281844824552536 0.8948919773101807 0.3113073408603668 0.10328666120767593 0.8948919773101807 0.8550976514816284 -0.19501067698001862 0.8948919773101807 1.3988879919052124 -0.49330800771713257
0.759859025478363 -0.13114595413208008 0.281844824552536 0.7694287300109863 -0.1841999590396881 -0.2001388818025589 0.8948919773101807 0.3113073408603668 0.10328666120767593 0.7694287300109863 -0.1841999590396881 -0.796733558177948 0.8948919773101807 0.3113073408603668 -0.49330800771713257 0.8948919773101807 0.8550976514816284 -0.19501067698001862 0.7864685654640198 -0.07022877037525177 -1.2539920806884766 0.8948919773101807 0.3113073408603668 -1.089902639389038 0.8948919773101807 0.8550976514816284 -0.7916053533554077 0.8948919773101807 1.3988879919052124 -0.49330800771713257
0.759859025478363 -0.13114595413208008 0.281844824552536 0.8948919773101807 0.8550972938537598 0.4015839993953705 0.5965946316719055 0.3113073408603668 0.4015839993953705 0.8948919773101807 1.942677617073059 0.4015839993953705 0.5965946316719055 1.3988876342773438 0.4015839993953705 0.29829731583595276 0.8550976514816284 0.4015839993953705 0.8793541193008423 2.674400806427002 0.07708549499511719 0.28615471720695496 2.3184878826141357 0.3330215513706207 0.29829731583595276 1.9426779747009277 0.4015839993953705 0.0 1.3988879919052124 0.4015839993953705
0.8793541193008423 2.674400806427002 0.07708549499511719 0.04625532031059265 2.573632001876831 0.04355943202972412 0.28615471720695496 2.3184878826141357 0.3330215513706207 -0.2398993968963623 2.741611957550049 0.11212188005447388 0.0 2.4864678382873535 0.4015839993953705 0.29829731583595276 1.9426779747009277 0.4015839993953705 -0.7198766469955444 2.5397496223449707 0.08867558091878891 -0.5965946316719055 2.4864678382873535 0.4015839993953705 -0.29829731583595276 1.9426779747009277 0.4015839993953705 0.0 1.3988879919052124 0.4015839993953705
-0.7198766469955444 2.5397496223449707 0.08867558091878891 -0.8948919773101807 1.942677617073059 0.4015839993953705 -0.5965946316719055 2.4864678382873535 0.4015839993953705 -0.8948919773101807 0.8550972938537598 0.4015839993953705 -0.5965946316719055 1.3988876342773438 0.4015839993953705 -0.29829731583595276 1.9426779747009277 0.4015839993953705 -0.7105554342269897 -0.0824844017624855 0.2909238040447235 -0.5965946316719055 0.3113073408603668 0.4015839993953705 -0.29829731583595276 0.8550976514816284 0.4015839993953705 0.0 1.3988879919052124 0.4015839993953705
-0.7105554342269897 -0.0824844017624855 0.2909238040447235 -0.30786702036857605 -0.17942899465560913 0.2869730293750763 -0.5965946316719055 0.3113073408603668 0.4015839993953705 0.28872761130332947 -0.17942899465560913 0.2869730293750763 0.0 0.3113073408603668 0.4015839993953705 -0.29829731583595276 0.8550976514816284 0.4015839993953705 0.759859025478363 -0.13114595413208008 0.281844824552536 0.5965946316719055 0.3113073408603668 0.4015839993953705 0.29829731583595276 0.8550976514816284 0.4015839993953705 0.0 1.3988879919052124 0.4015839993953705
-0.683945894241333 -0.0215672105550766 -1.2449129819869995 -0.2812575101852417 -0.11851181089878082 -1.2488638162612915 -0.5965946316719055 -0.23248299956321716 -1.089902639389038 0.3153371214866638 -0.11851181089878082 -1.2488638162612915 0.0 -0.23248299956321716 -1.089902639389038 -0.29829731583595276 -0.23248299956321716 -0.7916053533554077 0.7864685654640198 -0.07022877037525177 -1.2539920806884766 0.5965946316719055 -0.23248299956321716 -1.089902639389038 0.29829731583595276 -0.23248299956321716 -0.7916053533554077 0.0 -0.23248299956321716 -0.49330800771713257
0.7864685654640198 -0.07022877037525177 -1.2539920806884766 0.7694287300109863 -0.1841999590396881 -0.796733558177948 0.5965946316719055 -0.23248299956321716 -1.089902639389038 0.7694287300109863 -0.1841999590396881 -0.2001388818025589 0.5965946316719055 -0.23248299956321716 -0.49330800771713257 0.29829731583595276 -0.23248299956321716 -0.7916053533554077 0.759859025478363 -0.13114595413208008 0.281844824552536 0.5965946316719055 -0.23248299956321716 0.10328666120767593 0.29829731583595276 -0.23248299956321716 -0.19501067698001862 0.0 -0.23248299956321716 -0.49330800771713257
0.759859025478363 -0.13114595413208008 0.281844824552536 0.28872761130332947 -0.17942899465560913 0.2869730293750763 0.5965946316719055 -0.23248299956321716 0.10328666120767593 -0.30786702036857605 -0.17942899465560913 0.2869730293750763 0.0 -0.23248299956321716 0.10328666120767593 0.29829731583595276 -0.23248299956321716 -0.19501067698001862 -0.7105554342269897 -0.0824844017624855 0.2909238040447235 -0.5965946316719055 -0.23248299956321716 0.10328666120767593 -0.29829731583595276 -0.23248299956321716 -0.19501067698001862 0.0 -0.23248299956321716 -0.49330800771713257
-0.7105554342269897 -0.0824844017624855 0.2909238040447235 -0.7009857296943665 -0.13553839921951294 -0.1910598874092102 -0.5965946316719055 -0.23248299956321716 0.10328666120767593 -0.7009857296943665 -0.13553839921951294 -0.7876545786857605 -0.5965946316719055 -0.23248299956321716 -0.49330800771713257 -0.29829731583595276 -0.23248299956321716 -0.19501067698001862 -0.683945894241333 -0.0215672105550766 -1.2449129819869995 -0.5965946316719055 -0.23248299956321716 -1.089902639389038 -0.29829731583595276 -0.23248299956321716 -0.7916053533554077 0.0 -0.23248299956321716 -0.49330800771713257
0.716755211353302 2.585975170135498 -0.951982855796814 0.02297508716583252 2.4331586360931396 -0.9949004650115967 0.3582785427570343 2.5642173290252686 -0.9018386006355286 -0.26317960023880005 2.6011385917663574 -0.9263380169868469 0.07212381064891815 2.7321972846984863 -0.8332761526107788 0.42633166909217834 2.8878633975982666 -0.8225169777870178 -0.8597742319107056 2.6011385917663574 -0.9263380169868469 -0.5244708061218262 2.7321972846984863 -0.8332761526107788 -0.29829731583595276 3.0302579402923584 -0.7916053533554077 0.0 3.0302579402923584 -0.49330800771713257
-0.8597742319107056 2.6011385917663574 -0.9263380169868469 -0.7782745957374573 2.8283956050872803 -0.8150516748428345 -0.5244708061218262 2.7321972846984863 -0.8332761526107788 -0.7782745957374573 2.8283956050872803 -0.21845698356628418 -0.47997725009918213 2.8283956050872803 -0.5167543292045593 -0.29829731583595276 3.0302579402923584 -0.7916053533554077 -0.7198766469955444 2.5397496223449707 0.08867558091878891 -0.5381966829299927 2.741611957550049 -0.18617546558380127 -0.29829731583595276 3.0302579402923584 -0.19501067698001862 0.0 3.0302579402923584 -0.49330800771713257
-0.7198766469955444 2.5397496223449707 0.08867558091878891 -0.2398993968963623 2.741611957550049 0.11212188005447388 -0.5381966829299927 2.741611957550049 -0.18617546558380127 0.04625532031059265 2.573632001876831 0.04355943202972412 0.05839792266488075 2.741611957550049 -0.18617546558380127 -0.29829731583595276 3.0302579402923584 -0.19501067698001862 0.8793541193008423 2.674400806427002 0.07708549499511719 0.3445526659488678 2.573632001876831 -0.254737913608551 0.4250296950340271 3.0302574634552 -0.1891884058713913 0.0 3.0302579402923584 -0.49330800771713257
0.8793541193008423 2.674400806427002 0.07708549499511719 0.7918250560760498 2.7245476245880127 -0.2812962532043457 0.3445526659488678 2.573632001876831 -0.254737913608551 0.7918250560760498 2.7245476245880127 -0.877890944480896 0.2570236623287201 2.623778820037842 -0.6131196618080139 0.4250296950340271 3.0302574634552 -0.1891884058713913 0.716755211353302 2.585975170135498 -0.951982855796814 0.3582785427570343 2.5642173290252686 -0.9018386006355286 0.42633166909217834 2.8878633975982666 -0.8225169777870178 0.0 3.0302579402923584 -0.49330800771713257
