0.6479629874229431 0.7089120149612427 -1.9698779582977295 0.8028106689453125 0.5575810074806213 -1.9369442860285442 0.5790543258190155 0.4991080090403557 -1.9632833003997803 0.9576583504676819 0.40625 -1.9040106137593586 0.7339020073413849 0.34777700155973434 -1.930349628130595 0.5101456642150879 0.2893040031194687 -1.956688642501831 1.1125060319900513 0.25491899251937866 -1.8710769414901733 0.8887496888637543 0.196445994079113 -1.8974159558614094 0.6649933457374573 0.13797299563884735 -1.9237549702326457 0.4412370026111603 0.0794999971985817 -1.9500939846038818
0.4412370026111603 0.0794999971985817 -1.9500939846038818 0.6649933457374573 0.13797299563884735 -1.9237549702326457 0.45180700222651166 0.08371366560459137 -1.7773456573486328 0.8887496888637543 0.196445994079113 -1.8974159558614094 0.6755633453528086 0.14218666404485703 -1.7510066429773967 0.462377001841863 0.08792733401060104 -1.6045973300933838 1.1125060319900513 0.25491899251937866 -1.8710769414901733 0.8993196884791056 0.20065966248512268 -1.7246676286061604 0.68613334496816 0.1464003324508667 -1.5782583157221477 0.47294700145721436 0.09214100241661072 -1.4318490028381348
1.1125060319900513 0.25491899251937866 -1.8710769414901733 1.1077020168304443 0.24980366230010986 -1.7345036268234253 0.8993196884791056 0.20065966248512268 -1.7246676286061604 1.1028980016708374 0.24468833208084106 -1.5979303121566772 0.8945156733194987 0.19554433226585388 -1.5880943139394124 0.68613334496816 0.1464003324508667 -1.5782583157221477 1.0980939865112305 0.23957300186157227 -1.4613569974899292 0.8897116581598917 0.19042900204658508 -1.4515209992726643 0.6813293298085531 0.1412850022315979 -1.4416850010553997 0.47294700145721436 0.09214100241661072 -1.4318490028381348
0.6479629874229431 0.7089120149612427 -1.9698779582977295 0.6540679931640625 0.6944446762402853 -1.796992301940918 0.8028106689453125 0.5575810074806213 -1.9369442860285442 0.6601729989051819 0.6799773375193278 -1.6241066455841064 0.8089156746864319 0.5431136687596639 -1.7640586296717327 0.9576583504676819 0.40625 -1.9040106137593586 0.6662780046463013 0.6655099987983704 -1.451220989227295 0.8150206804275513 0.5286463300387064 -1.5911729733149211 0.9637633562088013 0.39178266127904254 -1.7311249574025471 1.1125060319900513 0.25491899251937866 -1.8710769414901733
1.0980939865112305 0.23957300186157227 -1.4613569974899292 1.1028980016708374 0.24468833208084106 -1.5979303121566772 0.9541553258895874 0.38155200084050495 -1.457978328069051 1.1077020168304443 0.24980366230010986 -1.7345036268234253 0.9589593410491943 0.38666733105977374 -1.594551642735799 0.8102166652679443 0.5235309998194376 -1.454599658648173 1.1125060319900513 0.25491899251937866 -1.8710769414901733 0.9637633562088013 0.39178266127904254 -1.7311249574025471 0.8150206804275513 0.5286463300387064 -1.5911729733149211 0.6662780046463013 0.6655099987983704 -1.451220989227295
0.6479629874229431 0.7089120149612427 -1.9698779582977295 0.5790543258190155 0.4991080090403557 -1.9632833003997803 0.6540679931640625 0.6944446762402853 -1.796992301940918 0.5101456642150879 0.2893040031194687 -1.956688642501831 0.5851593315601349 0.4846406703193982 -1.7903976440429688 0.6601729989051819 0.6799773375193278 -1.6241066455841064 0.4412370026111603 0.0794999971985817 -1.9500939846038818 0.5162506699562073 0.27483666439851123 -1.7838029861450195 0.5912643373012543 0.4701733315984408 -1.6175119876861572 0.6662780046463013 0.6655099987983704 -1.451220989227295
0.4412370026111603 0.0794999971985817 -1.9500939846038818 0.45180700222651166 0.08371366560459137 -1.7773456573486328 0.5162506699562073 0.27483666439851123 -1.7838029861450195 0.462377001841863 0.08792733401060104 -1.6045973300933838 0.5268206695715586 0.2790503328045209 -1.6110546588897705 0.5912643373012543 0.4701733315984408 -1.6175119876861572 0.47294700145721436 0.09214100241661072 -1.4318490028381348 0.53739066918691 0.2832640012105306 -1.4383063316345215 0.6018343369166056 0.4743870000044505 -1.4447636604309082 0.6662780046463013 0.6655099987983704 -1.451220989227295
0.35263198614120483 0.22902899980545044 -0.6479079723358154 0.3927369912465413 0.18339966734250387 -0.9092216491699219 0.6174656550089518 0.2968093355496724 -0.6626739899317423 0.43284199635187787 0.13777033487955728 -1.1705353260040283 0.6575706601142883 0.2511800030867259 -0.9239876667658488 0.8822993238766988 0.36458967129389447 -0.6774400075276693 0.47294700145721436 0.09214100241661072 -1.4318490028381348 0.6976756652196249 0.2055506706237793 -1.1853013435999553 0.9224043289820353 0.3189603388309479 -0.9387536843617758 1.1471329927444458 0.43237000703811646 -0.6922060251235962
0.47294700145721436 0.09214100241661072 -1.4318490028381348 0.6813293298085531 0.1412850022315979 -1.4416850010553997 0.6976756652196249 0.2055506706237793 -1.1853013435999553 0.8897116581598917 0.19042900204658508 -1.4515209992726643 0.9060579935709635 0.2546946704387665 -1.19513734181722 0.9224043289820353 0.3189603388309479 -0.9387536843617758 1.0980939865112305 0.23957300186157227 -1.4613569974899292 1.1144403219223022 0.30383867025375366 -1.2049733400344849 1.130786657333374 0.36810433864593506 -0.9485896825790405 1.1471329927444458 0.43237000703811646 -0.6922060251235962
0.6163349747657776 0.9002760052680969 -0.6482499837875366 0.7932676474253336 0.7443073391914368 -0.6629019975662231 0.6329826513926188 0.8220206697781881 -0.9159069856007894 0.9702003200848898 0.5883386731147766 -0.6775540113449097 0.8099153240521749 0.666052003701528 -0.930558999379476 0.6496303280194601 0.7437653342882792 -1.1835639874140422 1.1471329927444458 0.43237000703811646 -0.6922060251235962 0.986847996711731 0.5100833376248678 -0.9452110131581625 0.8265630006790161 0.587796668211619 -1.1982160011927288 0.6662780046463013 0.6655099987983704 -1.451220989227295
1.0980939865112305 0.23957300186157227 -1.4613569974899292 0.9541553258895874 0.38155200084050495 -1.457978328069051 1.1144403219223022 0.30383867025375366 -1.2049733400344849 0.8102166652679443 0.5235309998194376 -1.454599658648173 0.9705016613006592 0.44581766923268634 -1.2015946706136067 1.130786657333374 0.36810433864593506 -0.9485896825790405 0.6662780046463013 0.6655099987983704 -1.451220989227295 0.8265630006790161 0.587796668211619 -1.1982160011927288 0.986847996711731 0.5100833376248678 -0.9452110131581625 1.1471329927444458 0.43237000703811646 -0.6922060251235962
0.6163349747657776 0.9002760052680969 -0.6482499837875366 0.6329826513926188 0.8220206697781881 -0.9159069856007894 0.5284339785575867 0.6765270034472147 -0.6481359799702963 0.6496303280194601 0.7437653342882792 -1.1835639874140422 0.5450816551844279 0.5982716679573059 -0.915792981783549 0.44053298234939575 0.4527780016263326 -0.6480219761530558 0.6662780046463013 0.6655099987983704 -1.451220989227295 0.5617293318112692 0.5200163324673971 -1.1834499835968018 0.457180658976237 0.37452266613642377 -0.9156789779663086 0.35263198614120483 0.22902899980545044 -0.6479079723358154
0.6662780046463013 0.6655099987983704 -1.451220989227295 0.6018343369166056 0.4743870000044505 -1.4447636604309082 0.5617293318112692 0.5200163324673971 -1.1834499835968018 0.53739066918691 0.2832640012105306 -1.4383063316345215 0.4972856640815735 0.3288933336734772 -1.176992654800415 0.457180658976237 0.37452266613642377 -0.9156789779663086 0.47294700145721436 0.09214100241661072 -1.4318490028381348 0.43284199635187787 0.13777033487955728 -1.1705353260040283 0.3927369912465413 0.18339966734250387 -0.9092216491699219 0.35263198614120483 0.22902899980545044 -0.6479079723358154
-1.2874289751052856 2.2583250999450684 1.569978952407837 -1.024520645538966 1.9539330800374348 1.6939996480941772 -0.8712293170392513 2.2488850752512612 1.7188236713409424 -0.7616123159726461 1.6495410601298015 1.8180203437805176 -0.6083209874729315 1.944493055343628 1.8428443670272827 -0.455029658973217 2.2394450505574546 1.8676683902740479 -0.4987039864063263 1.345149040222168 1.942041039466858 -0.34541265790661174 1.6401010354359944 1.966865062713623 -0.19212132940689722 1.935053030649821 1.9916890859603882 -0.038830000907182693 2.2300050258636475 2.0165131092071533
-1.2874289751052856 2.2583250999450684 1.569978952407837 -0.8712293170392513 2.2488850752512612 1.7188236713409424 -1.1055483222007751 2.3426727453867593 1.2673633098602295 -0.455029658973217 2.2394450505574546 1.8676683902740479 -0.6893486641347408 2.3332327206929526 1.416208028793335 -0.9236676692962646 2.4270203908284507 0.9647476673126221 -0.038830000907182693 2.2300050258636475 2.0165131092071533 -0.2731490060687065 2.3237926959991455 1.5650527477264404 -0.5074680112302303 2.4175803661346436 1.1135923862457275 -0.7417870163917542 2.5113680362701416 0.6621320247650146
-0.038830000907182693 2.2300050258636475 2.0165131092071533 0.05982099721829096 2.131746689478556 1.674811065196991 -0.2731490060687065 2.3237926959991455 1.5650527477264404 0.15847199534376463 2.0334883530934653 1.3331090211868286 -0.17449800794323286 2.225534359614054 1.223350703716278 -0.5074680112302303 2.4175803661346436 1.1135923862457275 0.2571229934692383 1.935230016708374 0.9914069771766663 -0.0758470098177592 2.1272760232289634 0.8816486597061157 -0.40881701310475665 2.3193220297495523 0.7718903422355652 -0.7417870163917542 2.5113680362701416 0.6621320247650146
0.2571229934692383 1.935230016708374 0.9914069771766663 0.03832132617632548 1.7999833424886067 0.9665826559066772 -0.0758470098177592 2.1272760232289634 0.8816486597061157 -0.1804803411165873 1.6647366682688396 0.9417583346366882 -0.294648677110672 1.992029349009196 0.8568243384361267 -0.40881701310475665 2.3193220297495523 0.7718903422355652 -0.3992820084095001 1.5294899940490723 0.9169340133666992 -0.5134503444035848 1.8567826747894287 0.8320000171661377 -0.6276186803976694 2.184075355529785 0.7470660209655762 -0.7417870163917542 2.5113680362701416 0.6621320247650146
-0.7417870163917542 2.5113680362701416 0.6621320247650146 -0.6276186803976694 2.184075355529785 0.7470660209655762 -0.8950780232747396 2.2513657013575235 0.6373076836268107 -0.5134503444035848 1.8567826747894287 0.8320000171661377 -0.7809096872806549 1.9240730206171672 0.7222416798273722 -1.048369030157725 1.9913633664449055 0.6124833424886068 -0.3992820084095001 1.5294899940490723 0.9169340133666992 -0.6667413512865702 1.5967803398768108 0.8071756760279337 -0.9342006941636404 1.664070685704549 0.6974173386891683 -1.2016600370407104 1.7313610315322876 0.5876590013504028
-1.2016600370407104 1.7313610315322876 0.5876590013504028 -0.9673413534959158 1.602623701095581 1.0391196807225545 -1.2302496830622356 1.9070157210032146 0.9150989850362142 -0.733022669951121 1.4738863706588745 1.4905803600947063 -0.9959309995174408 1.778278390566508 1.366559664408366 -1.2588393290837605 2.0826704104741416 1.2425389687220256 -0.4987039864063263 1.345149040222168 1.942041039466858 -0.7616123159726461 1.6495410601298015 1.8180203437805176 -1.024520645538966 1.9539330800374348 1.6939996480941772 -1.2874289751052856 2.2583250999450684 1.569978952407837
-1.2016600370407104 1.7313610315322876 0.5876590013504028 -1.2302496830622356 1.9070157210032146 0.9150989850362142 -1.048369030157725 1.9913633664449055 0.6124833424886068 -1.2588393290837605 2.0826704104741416 1.2425389687220256 -1.07695867617925 2.1670180559158325 0.9399233261744181 -0.8950780232747396 2.2513657013575235 0.6373076836268107 -1.2874289751052856 2.2583250999450684 1.569978952407837 -1.1055483222007751 2.3426727453867593 1.2673633098602295 -0.9236676692962646 2.4270203908284507 0.9647476673126221 -0.7417870163917542 2.5113680362701416 0.6621320247650146
-0.4418700039386749 1.2291979789733887 0.3110800087451935 -0.0071129997571309405 1.2251553138097127 0.3067390024662018 -0.29726033595701057 1.204973300298055 -0.003670990467071533 0.427644004424413 1.2211126486460369 0.3023979961872101 0.1374966682245334 1.2009306351343791 -0.008011996746063232 -0.15265066797534624 1.1807486216227214 -0.31842198967933655 0.862401008605957 1.2170699834823608 0.2980569899082184 0.5722536724060774 1.1968879699707031 -0.012353003025054932 0.28210633620619774 1.1767059564590454 -0.32276299595832825 -0.008040999993681908 1.1565239429473877 -0.6331729888916016
0.862401008605957 1.2170699834823608 0.2980569899082184 0.7803789973258972 1.111471990744273 -0.01737866799036662 0.5722536724060774 1.1968879699707031 -0.012353003025054932 0.6983569860458374 1.0058739980061848 -0.3328143258889516 0.49023166112601757 1.0912899772326152 -0.32778866092363995 0.28210633620619774 1.1767059564590454 -0.32276299595832825 0.6163349747657776 0.9002760052680969 -0.6482499837875366 0.40820964984595776 0.9856919844945272 -0.643224318822225 0.20008432492613792 1.0711079637209575 -0.6381986538569132 -0.008040999993681908 1.1565239429473877 -0.6331729888916016
-0.4418700039386749 0.472337007522583 -0.6036099791526794 -0.2183703382809957 0.492509663105011 -0.6160713235537211 -0.17703600724538168 0.3912343382835388 -0.6183759768803915 0.005129327376683553 0.512682318687439 -0.6285326679547628 0.04646365841229757 0.4114069938659668 -0.6308373212814331 0.08779798944791158 0.31013166904449463 -0.6331419746081034 0.2286289930343628 0.5328549742698669 -0.6409940123558044 0.2699633240699768 0.4315796494483948 -0.6432986656824747 0.3112976551055908 0.3303043246269226 -0.6456033190091451 0.35263198614120483 0.22902899980545044 -0.6479079723358154
1.1471329927444458 -1.5721850395202637 -0.09327699989080429 1.1471329927444458 -1.6541223526000977 0.2662796626488368 0.9125269949436188 -1.673073689142863 -0.06879533330599467 1.1471329927444458 -1.7360596656799316 0.6258363251884779 0.9125269949436188 -1.755011002222697 0.2907613292336464 0.6779209971427917 -1.7739623387654622 -0.04431366672118505 1.1471329927444458 -1.8179969787597656 0.9853929877281189 0.9125269949436188 -1.836948315302531 0.6503179917732874 0.6779209971427917 -1.8558996518452961 0.315242995818456 0.4433149993419647 -1.8748509883880615 -0.019832000136375427
1.1471329927444458 -1.8179969787597656 0.9853929877281189 0.6174653271834055 -1.8607836564381917 0.9853929877281189 0.9125269949436188 -1.836948315302531 0.6503179917732874 0.08779766162236531 -1.903570334116618 0.9853929877281189 0.38285932938257855 -1.879734992980957 0.6503179917732874 0.6779209971427917 -1.8558996518452961 0.315242995818456 -0.4418700039386749 -1.946357011795044 0.9853929877281189 -0.1468083361784617 -1.922521670659383 0.6503179917732874 0.1482533315817515 -1.8986863295237224 0.315242995818456 0.4433149993419647 -1.8748509883880615 -0.019832000136375427
-0.4418700039386749 -1.946357011795044 -0.019832000136375427 -0.1468083361784617 -1.922521670659383 -0.019832000136375427 -0.4418700039386749 -1.946357011795044 0.315242995818456 0.1482533315817515 -1.8986863295237224 -0.019832000136375427 -0.1468083361784617 -1.922521670659383 0.315242995818456 -0.4418700039386749 -1.946357011795044 0.6503179917732874 0.4433149993419647 -1.8748509883880615 -0.019832000136375427 0.1482533315817515 -1.8986863295237224 0.315242995818456 -0.1468083361784617 -1.922521670659383 0.6503179917732874 -0.4418700039386749 -1.946357011795044 0.9853929877281189
1.1471329927444458 -1.5721850395202637 -0.09327699989080429 1.1471329927444458 -0.9040000240008036 -0.2929200083017349 1.1471329927444458 -1.6541223526000977 0.2662796626488368 1.1471329927444458 -0.2358150084813436 -0.49256301671266556 1.1471329927444458 -0.9859373370806376 0.06663665423790614 1.1471329927444458 -1.7360596656799316 0.6258363251884779 1.1471329927444458 0.43237000703811646 -0.6922060251235962 1.1471329927444458 -0.31775232156117755 -0.1330063541730245 1.1471329927444458 -1.0678746501604717 0.4261933167775472 1.1471329927444458 -1.8179969787597656 0.9853929877281189
1.1471329927444458 -1.8179969787597656 0.9853929877281189 1.1471329927444458 -1.0678746501604717 0.4261933167775472 1.1262366771697998 -1.0785043239593506 1.0175933440526326 1.1471329927444458 -0.31775232156117755 -0.1330063541730245 1.1262366771697998 -0.3283819953600566 0.458393673102061 1.1053403615951538 -0.33901166915893555 1.0497937003771465 1.1471329927444458 0.43237000703811646 -0.6922060251235962 1.1262366771697998 0.4217403332392375 -0.10080599784851074 1.1053403615951538 0.41111065944035846 0.4905940294265747 1.0844440460205078 0.4004809856414795 1.0819940567016602
1.0844440460205078 0.4004809856414795 1.0819940567016602 1.1053403615951538 0.41111065944035846 0.4905940294265747 1.0104297002156575 0.6726773182551066 0.8206817011038462 1.1262366771697998 0.4217403332392375 -0.10080599784851074 1.0313260157903035 0.6833069920539856 0.22928167382876077 0.9364153544108073 0.9448736508687338 0.5593693455060323 1.1471329927444458 0.43237000703811646 -0.6922060251235962 1.0522223313649495 0.6939366658528646 -0.36211835344632465 0.9573116699854533 0.9555033246676127 -0.03203068176905314 0.862401008605957 1.2170699834823608 0.2980569899082184
1.1471329927444458 0.43237000703811646 -0.6922060251235962 0.9702003200848898 0.5883386731147766 -0.6775540113449097 1.0522223313649495 0.6939366658528646 -0.36211835344632465 0.7932676474253336 0.7443073391914368 -0.6629019975662231 0.8752896587053934 0.8499053319295248 -0.3474663396676381 0.9573116699854533 0.9555033246676127 -0.03203068176905314 0.6163349747657776 0.9002760052680969 -0.6482499837875366 0.6983569860458374 1.0058739980061848 -0.3328143258889516 0.7803789973258972 1.111471990744273 -0.01737866799036662 0.862401008605957 1.2170699834823608 0.2980569899082184
-0.008040999993681908 1.1565239429473877 -0.6331729888916016 -0.15265066797534624 0.9284616311391195 -0.6233186523119608 -0.15265066797534624 1.1807486216227214 -0.31842198967933655 -0.29726033595701057 0.7003993193308512 -0.6134643157323202 -0.29726033595701057 0.9526863098144531 -0.30856765309969586 -0.29726033595701057 1.204973300298055 -0.003670990467071533 -0.4418700039386749 0.472337007522583 -0.6036099791526794 -0.4418700039386749 0.7246239980061849 -0.2987133165200551 -0.4418700039386749 0.9769109884897867 0.006183346112569173 -0.4418700039386749 1.2291979789733887 0.3110800087451935
-0.4418700039386749 -1.946357011795044 0.9853929877281189 -0.4418700039386749 -1.145871341228485 0.9853929877281189 -0.4418700039386749 -1.946357011795044 0.6503179917732874 -0.4418700039386749 -0.34538567066192627 0.9853929877281189 -0.4418700039386749 -1.145871341228485 0.6503179917732874 -0.4418700039386749 -1.946357011795044 0.315242995818456 -0.4418700039386749 0.45509999990463257 0.9853929877281189 -0.4418700039386749 -0.34538567066192627 0.6503179917732874 -0.4418700039386749 -1.145871341228485 0.315242995818456 -0.4418700039386749 -1.946357011795044 -0.019832000136375427
-0.4418700039386749 -1.946357011795044 -0.019832000136375427 -0.4418700039386749 -1.145871341228485 0.315242995818456 -0.4418700039386749 -1.47618701060613 -0.1530809998512268 -0.4418700039386749 -0.34538567066192627 0.6503179917732874 -0.4418700039386749 -0.6757013400395712 0.18199399610360464 -0.4418700039386749 -1.006017009417216 -0.2863299995660782 -0.4418700039386749 0.45509999990463257 0.9853929877281189 -0.4418700039386749 0.12478433052698772 0.517068992058436 -0.4418700039386749 -0.20553133885065714 0.04874499638875326 -0.4418700039386749 -0.535847008228302 -0.41957899928092957
-0.4418700039386749 -0.535847008228302 -0.41957899928092957 -0.4418700039386749 -0.20553133885065714 0.04874499638875326 -0.4418700039386749 -0.19978566964467367 -0.4809226592381795 -0.4418700039386749 0.12478433052698772 0.517068992058436 -0.4418700039386749 0.1305299997329712 -0.012598663568496704 -0.4418700039386749 0.13627566893895468 -0.5422663191954294 -0.4418700039386749 0.45509999990463257 0.9853929877281189 -0.4418700039386749 0.46084566911061603 0.4557253321011861 -0.4418700039386749 0.46659133831659955 -0.07394232352574666 -0.4418700039386749 0.472337007522583 -0.6036099791526794
-0.4418700039386749 0.45509999990463257 0.9853929877281189 -0.4418700039386749 0.7131326595942179 0.7606219947338104 -0.4418700039386749 0.46084566911061603 0.4557253321011861 -0.4418700039386749 0.9711653192838033 0.535851001739502 -0.4418700039386749 0.7188783288002014 0.23095433910687765 -0.4418700039386749 0.46659133831659955 -0.07394232352574666 -0.4418700039386749 1.2291979789733887 0.3110800087451935 -0.4418700039386749 0.9769109884897867 0.006183346112569173 -0.4418700039386749 0.7246239980061849 -0.2987133165200551 -0.4418700039386749 0.472337007522583 -0.6036099791526794
-0.4418700039386749 -1.946357011795044 0.9853929877281189 0.08779766162236531 -1.903570334116618 0.9853929877281189 -0.4418700039386749 -1.145871341228485 0.9853929877281189 0.6174653271834055 -1.8607836564381917 0.9853929877281189 0.08779766162236531 -1.103084663550059 0.9853929877281189 -0.4418700039386749 -0.34538567066192627 0.9853929877281189 1.1471329927444458 -1.8179969787597656 0.9853929877281189 0.6174653271834055 -1.0602979858716328 0.9853929877281189 0.08779766162236531 -0.3025989929835002 0.9853929877281189 -0.4418700039386749 0.45509999990463257 0.9853929877281189
1.1471329927444458 -1.8179969787597656 0.9853929877281189 1.1262366771697998 -1.0785043239593506 1.0175933440526326 0.6174653271834055 -1.0602979858716328 0.9853929877281189 1.1053403615951538 -0.33901166915893555 1.0497937003771465 0.5965690116087595 -0.32080533107121784 1.0175933440526326 0.08779766162236531 -0.3025989929835002 0.9853929877281189 1.0844440460205078 0.4004809856414795 1.0819940567016602 0.5756726960341135 0.4186873237291972 1.0497937003771465 0.06690134604771932 0.43689366181691486 1.0175933440526326 -0.4418700039386749 0.45509999990463257 0.9853929877281189
-0.038830000907182693 2.2300050258636475 2.0165131092071533 0.33559468140204746 1.6201636791229248 1.705006758371989 0.05982099721829096 2.131746689478556 1.674811065196991 0.7100193637112776 1.0103223323822021 1.3935004075368245 0.43424567952752113 1.5219053427378337 1.3633047143618267 0.15847199534376463 2.0334883530934653 1.3331090211868286 1.0844440460205078 0.4004809856414795 1.0819940567016602 0.8086703618367513 0.912063995997111 1.0517983635266621 0.5328966776529948 1.4236470063527424 1.0216026703516643 0.2571229934692383 1.935230016708374 0.9914069771766663
1.0844440460205078 0.4004809856414795 1.0819940567016602 1.0104297002156575 0.6726773182551066 0.8206817011038462 0.8086703618367513 0.912063995997111 1.0517983635266621 0.9364153544108073 0.9448736508687338 0.5593693455060323 0.734656016031901 1.184260328610738 0.7904860079288483 0.5328966776529948 1.4236470063527424 1.0216026703516643 0.862401008605957 1.2170699834823608 0.2980569899082184 0.6606416702270508 1.4564566612243652 0.5291736523310343 0.45888233184814453 1.6958433389663696 0.7602903147538503 0.2571229934692383 1.935230016708374 0.9914069771766663
0.862401008605957 1.2170699834823608 0.2980569899082184 0.427644004424413 1.2211126486460369 0.3023979961872101 0.6606416702270508 1.4564566612243652 0.5291736523310343 -0.0071129997571309405 1.2251553138097127 0.3067390024662018 0.2258846660455068 1.4604993263880413 0.533514658610026 0.45888233184814453 1.6958433389663696 0.7602903147538503 -0.4418700039386749 1.2291979789733887 0.3110800087451935 -0.2088723381360372 1.464541991551717 0.5378556648890177 0.024125327666600544 1.6998860041300456 0.764631321032842 0.2571229934692383 1.935230016708374 0.9914069771766663
-0.4418700039386749 1.2291979789733887 0.3110800087451935 -0.42767400542895 1.32929531733195 0.5130313436190287 -0.2088723381360372 1.464541991551717 0.5378556648890177 -0.41347800691922504 1.429392655690511 0.714982678492864 -0.19467633962631226 1.5646393299102783 0.739806999762853 0.024125327666600544 1.6998860041300456 0.764631321032842 -0.3992820084095001 1.5294899940490723 0.9169340133666992 -0.1804803411165873 1.6647366682688396 0.9417583346366882 0.03832132617632548 1.7999833424886067 0.9665826559066772 0.2571229934692383 1.935230016708374 0.9914069771766663
-0.4987039864063263 1.345149040222168 1.942041039466858 -0.4655633270740509 1.406596024831136 1.6003386974334717 -0.4797593255837758 1.0484660267829895 1.6231583555539448 -0.4324226677417755 1.4680430094401042 1.2586363554000854 -0.44661866625150043 1.1099130113919575 1.2814560135205586 -0.4608146647612254 0.751783013343811 1.304275671641032 -0.3992820084095001 1.5294899940490723 0.9169340133666992 -0.41347800691922504 1.1713599960009258 0.9397536714871725 -0.42767400542895 0.8132299979527792 0.9625733296076456 -0.4418700039386749 0.45509999990463257 0.9853929877281189
-0.4418700039386749 1.2291979789733887 0.3110800087451935 -0.4418700039386749 0.9711653192838033 0.535851001739502 -0.42767400542895 1.32929531733195 0.5130313436190287 -0.4418700039386749 0.7131326595942179 0.7606219947338104 -0.42767400542895 1.0712626576423645 0.7378023366133372 -0.41347800691922504 1.429392655690511 0.714982678492864 -0.4418700039386749 0.45509999990463257 0.9853929877281189 -0.42767400542895 0.8132299979527792 0.9625733296076456 -0.41347800691922504 1.1713599960009258 0.9397536714871725 -0.3992820084095001 1.5294899940490723 0.9169340133666992
-0.038830000907182693 2.2300050258636475 2.0165131092071533 -0.19212132940689722 1.935053030649821 1.9916890859603882 0.33559468140204746 1.6201636791229248 1.705006758371989 -0.34541265790661174 1.6401010354359944 1.966865062713623 0.18230335290233293 1.3252116839090984 1.6801827351252239 0.7100193637112776 1.0103223323822021 1.3935004075368245 -0.4987039864063263 1.345149040222168 1.942041039466858 0.029012024402618408 1.0302596886952717 1.6553587118784587 0.5567280352115631 0.7153703371683756 1.3686763842900593 1.0844440460205078 0.4004809856414795 1.0819940567016602
-0.4418700039386749 0.45509999990463257 0.9853929877281189 0.06690134604771932 0.43689366181691486 1.0175933440526326 -0.4608146647612254 0.751783013343811 1.304275671641032 0.5756726960341135 0.4186873237291972 1.0497937003771465 0.04795668522516886 0.7335766752560934 1.3364760279655457 -0.4797593255837758 1.0484660267829895 1.6231583555539448 1.0844440460205078 0.4004809856414795 1.0819940567016602 0.5567280352115631 0.7153703371683756 1.3686763842900593 0.029012024402618408 1.0302596886952717 1.6553587118784587 -0.4987039864063263 1.345149040222168 1.942041039466858
-0.008040999993681908 1.1565239429473877 -0.6331729888916016 0.20008432492613792 1.0711079637209575 -0.6381986538569132 0.07084899768233299 0.9486342867215475 -0.6357799967130026 0.40820964984595776 0.9856919844945272 -0.643224318822225 0.2789743226021528 0.8632183074951172 -0.6408056616783142 0.1497389953583479 0.7407446304957072 -0.6383870045344034 0.6163349747657776 0.9002760052680969 -0.6482499837875366 0.48709964752197266 0.7778023282686869 -0.6458313266436259 0.3578643202781677 0.655328651269277 -0.6434126694997152 0.2286289930343628 0.5328549742698669 -0.6409940123558044
1.1471329927444458 -1.5721850395202637 -0.09327699989080429 1.031759003798167 -1.3255303502082825 -0.1656490017970403 1.1471329927444458 -0.9040000240008036 -0.2929200083017349 0.9163850148518881 -1.0788756608963013 -0.2380210037032763 1.031759003798167 -0.6573453346888224 -0.3652920102079709 1.1471329927444458 -0.2358150084813436 -0.49256301671266556 0.8010110259056091 -0.8322209715843201 -0.31039300560951233 0.9163850148518881 -0.41069064537684125 -0.43766401211420697 1.031759003798167 0.010839680830637613 -0.5649350186189016 1.1471329927444458 0.43237000703811646 -0.6922060251235962
0.8010110259056091 -0.8322209715843201 -0.31039300560951233 0.651551345984141 -0.47847098112106323 -0.42289799451828003 0.9163850148518881 -0.41069064537684125 -0.43766401211420697 0.502091666062673 -0.1247209906578064 -0.5354029834270477 0.7669253349304199 -0.05694065491358439 -0.5501690010229746 1.031759003798167 0.010839680830637613 -0.5649350186189016 0.35263198614120483 0.22902899980545044 -0.6479079723358154 0.6174656550089518 0.2968093355496724 -0.6626739899317423 0.8822993238766988 0.36458967129389447 -0.6774400075276693 1.1471329927444458 0.43237000703811646 -0.6922060251235962
0.35263198614120483 0.22902899980545044 -0.6479079723358154 0.3112976551055908 0.3303043246269226 -0.6456033190091451 0.44053298234939575 0.4527780016263326 -0.6480219761530558 0.2699633240699768 0.4315796494483948 -0.6432986656824747 0.39919865131378174 0.5540533264478048 -0.6457173228263855 0.5284339785575867 0.6765270034472147 -0.6481359799702963 0.2286289930343628 0.5328549742698669 -0.6409940123558044 0.3578643202781677 0.655328651269277 -0.6434126694997152 0.48709964752197266 0.7778023282686869 -0.6458313266436259 0.6163349747657776 0.9002760052680969 -0.6482499837875366
-0.4418700039386749 -0.535847008228302 -0.41957899928092957 -0.3505026698112488 -0.7066576878229777 -0.35638199746608734 -0.4418700039386749 -1.006017009417216 -0.2863299995660782 -0.25913533568382263 -0.8774683674176534 -0.2931849956512451 -0.3505026698112488 -1.1768276890118916 -0.22313299775123596 -0.4418700039386749 -1.47618701060613 -0.1530809998512268 -0.16776800155639648 -1.048279047012329 -0.2299879938364029 -0.25913533568382263 -1.3476383686065674 -0.15993599593639374 -0.3505026698112488 -1.6469976902008057 -0.08988399803638458 -0.4418700039386749 -1.946357011795044 -0.019832000136375427
0.46817800402641296 -1.5992109775543213 -0.09203200042247772 0.36691900094350177 -1.5000516573588054 -0.11653699974219005 0.5791223446528116 -1.3435476422309875 -0.16481900215148926 0.26565999786059064 -1.4008923371632893 -0.14104199906190237 0.4778633415699005 -1.2443883220354717 -0.18932400147120157 0.6900666852792104 -1.0878843069076538 -0.2376060038805008 0.16440099477767944 -1.3017330169677734 -0.16554699838161469 0.3766043384869893 -1.1452290018399556 -0.2138290007909139 0.5888076821962992 -0.9887249867121378 -0.26211100320021313 0.8010110259056091 -0.8322209715843201 -0.31039300560951233
-0.4418700039386749 0.472337007522583 -0.6036099791526794 -0.17703600724538168 0.3912343382835388 -0.6183759768803915 -0.4418700039386749 0.13627566893895468 -0.5422663191954294 0.08779798944791158 0.31013166904449463 -0.6331419746081034 -0.17703600724538168 0.055172999699910484 -0.5570323169231415 -0.4418700039386749 -0.19978566964467367 -0.4809226592381795 0.35263198614120483 0.22902899980545044 -0.6479079723358154 0.08779798944791158 -0.02592966953913371 -0.5717983146508535 -0.17703600724538168 -0.28088833888371784 -0.49568865696589154 -0.4418700039386749 -0.535847008228302 -0.41957899928092957
0.35263198614120483 0.22902899980545044 -0.6479079723358154 0.502091666062673 -0.1247209906578064 -0.5354029834270477 0.08779798944791158 -0.02592966953913371 -0.5717983146508535 0.651551345984141 -0.47847098112106323 -0.42289799451828003 0.23725766936937967 -0.37967966000239056 -0.45929332574208576 -0.17703600724538168 -0.28088833888371784 -0.49568865696589154 0.8010110259056091 -0.8322209715843201 -0.31039300560951233 0.3867173492908478 -0.7334296504656473 -0.34678833683331806 -0.027576327323913574 -0.6346383293469747 -0.38318366805712384 -0.4418700039386749 -0.535847008228302 -0.41957899928092957
-0.4418700039386749 -0.535847008228302 -0.41957899928092957 -0.027576327323913574 -0.6346383293469747 -0.38318366805712384 -0.3505026698112488 -0.7066576878229777 -0.35638199746608734 0.3867173492908478 -0.7334296504656473 -0.34678833683331806 0.06379100680351257 -0.8054490089416504 -0.3199866662422816 -0.25913533568382263 -0.8774683674176534 -0.2931849956512451 0.8010110259056091 -0.8322209715843201 -0.31039300560951233 0.4780846834182739 -0.9042403300603231 -0.28359133501847583 0.15515834093093872 -0.976259688536326 -0.2567896644274394 -0.16776800155639648 -1.048279047012329 -0.2299879938364029
0.8010110259056091 -0.8322209715843201 -0.31039300560951233 0.5888076821962992 -0.9887249867121378 -0.26211100320021313 0.4780846834182739 -0.9042403300603231 -0.28359133501847583 0.3766043384869893 -1.1452290018399556 -0.2138290007909139 0.26588133970896405 -1.0607443451881409 -0.23530933260917664 0.15515834093093872 -0.976259688536326 -0.2567896644274394 0.16440099477767944 -1.3017330169677734 -0.16554699838161469 0.053677995999654136 -1.2172483603159587 -0.1870273301998774 -0.05704500277837118 -1.1327637036641438 -0.20850766201814017 -0.16776800155639648 -1.048279047012329 -0.2299879938364029
0.16440099477767944 -1.3017330169677734 -0.16554699838161469 0.26565999786059064 -1.4008923371632893 -0.14104199906190237 0.2573723296324412 -1.4927723407745361 -0.11697533229986827 0.36691900094350177 -1.5000516573588054 -0.11653699974219005 0.35863133271535236 -1.591931660970052 -0.09247033298015594 0.35034366448720294 -1.6838116645812988 -0.06840366621812184 0.46817800402641296 -1.5992109775543213 -0.09203200042247772 0.45989033579826355 -1.691090981165568 -0.06796533366044362 0.45160266757011414 -1.7829709847768147 -0.04389866689840952 0.4433149993419647 -1.8748509883880615 -0.019832000136375427
-0.07795400172472 -1.7920730113983154 -1.9613269567489624 0.03899366160233816 -1.9630057017008464 -1.9613269567489624 -0.19490133225917816 -1.9630057017008464 -1.9613269567489624 0.1559413249293963 -2.1339383920033774 -1.9613269567489624 -0.07795366893212001 -2.1339383920033774 -1.9613269567489624 -0.3118486627936363 -2.1339383920033774 -1.9613269567489624 0.27288898825645447 -2.304871082305908 -1.9613269567489624 0.03899399439493815 -2.304871082305908 -1.9613269567489624 -0.19490099946657816 -2.304871082305908 -1.9613269567489624 -0.4287959933280945 -2.304871082305908 -1.9613269567489624
0.32315799593925476 -2.4307990074157715 -1.3789680004119873 0.05955966313680013 -2.4368300437927246 -1.3789680004119873 0.306401660044988 -2.3888230323791504 -1.5730876525243123 -0.2040386696656545 -2.4428610801696777 -1.3789680004119873 0.042803327242533364 -2.3948540687561035 -1.5730876525243123 0.28964532415072125 -2.3468470573425293 -1.7672073046366374 -0.46763700246810913 -2.448892116546631 -1.3789680004119873 -0.22079500555992126 -2.4008851051330566 -1.5730876525243123 0.0260469913482666 -2.3528780937194824 -1.7672073046366374 0.27288898825645447 -2.304871082305908 -1.9613269567489624
-0.4287959933280945 -2.304871082305908 -1.9613269567489624 -0.19490099946657816 -2.304871082305908 -1.9613269567489624 -0.44174299637476605 -2.3528780937194824 -1.7672073046366374 0.03899399439493815 -2.304871082305908 -1.9613269567489624 -0.20784800251324972 -2.3528780937194824 -1.7672073046366374 -0.45468999942143756 -2.4008851051330566 -1.5730876525243123 0.27288898825645447 -2.304871082305908 -1.9613269567489624 0.0260469913482666 -2.3528780937194824 -1.7672073046366374 -0.22079500555992126 -2.4008851051330566 -1.5730876525243123 -0.46763700246810913 -2.448892116546631 -1.3789680004119873
0.32315799593925476 -2.4307990074157715 -1.3789680004119873 0.306401660044988 -2.3888230323791504 -1.5730876525243123 0.21543866395950317 -2.215660015741984 -1.3789680004119873 0.28964532415072125 -2.3468470573425293 -1.7672073046366374 0.19868232806523642 -2.173684040705363 -1.5730876525243123 0.10771933197975159 -2.0005210240681968 -1.3789680004119873 0.27288898825645447 -2.304871082305908 -1.9613269567489624 0.18192599217096964 -2.1317080656687417 -1.7672073046366374 0.09096299608548482 -1.9585450490315754 -1.5730876525243123 0.0 -1.7853820323944092 -1.3789680004119873
0.27288898825645447 -2.304871082305908 -1.9613269567489624 0.1559413249293963 -2.1339383920033774 -1.9613269567489624 0.18192599217096964 -2.1317080656687417 -1.7672073046366374 0.03899366160233816 -1.9630057017008464 -1.9613269567489624 0.06497832884391148 -1.960775375366211 -1.7672073046366374 0.09096299608548482 -1.9585450490315754 -1.5730876525243123 -0.07795400172472 -1.7920730113983154 -1.9613269567489624 -0.05196933448314667 -1.78984268506368 -1.7672073046366374 -0.025984667241573334 -1.7876123587290447 -1.5730876525243123 0.0 -1.7853820323944092 -1.3789680004119873
-0.46763700246810913 -2.448892116546631 -1.3789680004119873 -0.31175800164540607 -2.22772208849589 -1.3789680004119873 -0.45468999942143756 -2.4008851051330566 -1.5730876525243123 -0.15587900082270303 -2.00655206044515 -1.3789680004119873 -0.29881099859873456 -2.179715077082316 -1.5730876525243123 -0.44174299637476605 -2.3528780937194824 -1.7672073046366374 0.0 -1.7853820323944092 -1.3789680004119873 -0.1429319977760315 -1.9585450490315754 -1.5730876525243123 -0.285863995552063 -2.1317080656687417 -1.7672073046366374 -0.4287959933280945 -2.304871082305908 -1.9613269567489624
-0.4287959933280945 -2.304871082305908 -1.9613269567489624 -0.285863995552063 -2.1317080656687417 -1.7672073046366374 -0.3118486627936363 -2.1339383920033774 -1.9613269567489624 -0.1429319977760315 -1.9585450490315754 -1.5730876525243123 -0.16891666501760483 -1.960775375366211 -1.7672073046366374 -0.19490133225917816 -1.9630057017008464 -1.9613269567489624 0.0 -1.7853820323944092 -1.3789680004119873 -0.025984667241573334 -1.7876123587290447 -1.5730876525243123 -0.05196933448314667 -1.78984268506368 -1.7672073046366374 -0.07795400172472 -1.7920730113983154 -1.9613269567489624
0.4433149993419647 -1.8748509883880615 -0.019832000136375427 0.1482533315817515 -1.8986863295237224 -0.019832000136375427 0.4032626648743947 -2.0601669947306314 -0.4728773335615794 -0.1468083361784617 -1.922521670659383 -0.019832000136375427 0.10820099711418152 -2.0840023358662925 -0.4728773335615794 0.36321033040682477 -2.2454830010732016 -0.9259226669867834 -0.4418700039386749 -1.946357011795044 -0.019832000136375427 -0.1868606706460317 -2.107837677001953 -0.4728773335615794 0.06814866264661153 -2.2693183422088623 -0.9259226669867834 0.32315799593925476 -2.4307990074157715 -1.3789680004119873
-0.46763700246810913 -2.448892116546631 -1.3789680004119873 -0.2040386696656545 -2.4428610801696777 -1.3789680004119873 -0.45904800295829773 -2.2813804149627686 -0.9259226669867834 0.05955966313680013 -2.4368300437927246 -1.3789680004119873 -0.1954496701558431 -2.2753493785858154 -0.9259226669867834 -0.45045900344848633 -2.1138687133789062 -0.4728773335615794 0.32315799593925476 -2.4307990074157715 -1.3789680004119873 0.06814866264661153 -2.2693183422088623 -0.9259226669867834 -0.1868606706460317 -2.107837677001953 -0.4728773335615794 -0.4418700039386749 -1.946357011795044 -0.019832000136375427
0.32315799593925476 -2.4307990074157715 -1.3789680004119873 0.21543866395950317 -2.215660015741984 -1.3789680004119873 0.36321033040682477 -2.2454830010732016 -0.9259226669867834 0.10771933197975159 -2.0005210240681968 -1.3789680004119873 0.2554909984270732 -2.030344009399414 -0.9259226669867834 0.4032626648743947 -2.0601669947306314 -0.4728773335615794 0.0 -1.7853820323944092 -1.3789680004119873 0.14777166644732156 -1.8152050177256267 -0.9259226669867834 0.29554333289464313 -1.845028003056844 -0.4728773335615794 0.4433149993419647 -1.8748509883880615 -0.019832000136375427
0.4433149993419647 -1.8748509883880615 -0.019832000136375427 0.29554333289464313 -1.845028003056844 -0.4728773335615794 0.35034366448720294 -1.6838116645812988 -0.06840366621812184 0.14777166644732156 -1.8152050177256267 -0.9259226669867834 0.20257199803988138 -1.6539886792500813 -0.5214489996433258 0.2573723296324412 -1.4927723407745361 -0.11697533229986827 0.0 -1.7853820323944092 -1.3789680004119873 0.054800331592559814 -1.624165693918864 -0.9744943330685297 0.10960066318511963 -1.4629493554433186 -0.5700206657250723 0.16440099477767944 -1.3017330169677734 -0.16554699838161469
0.0 -1.7853820323944092 -1.3789680004119873 -0.05592266718546549 -1.539681037267049 -0.9959746648867925 0.054800331592559814 -1.624165693918864 -0.9744943330685297 -0.11184533437093098 -1.2939800421396892 -0.6129813293615977 -0.0011223355929056804 -1.378464698791504 -0.591500997543335 0.10960066318511963 -1.4629493554433186 -0.5700206657250723 -0.16776800155639648 -1.048279047012329 -0.2299879938364029 -0.05704500277837118 -1.1327637036641438 -0.20850766201814017 0.053677995999654136 -1.2172483603159587 -0.1870273301998774 0.16440099477767944 -1.3017330169677734 -0.16554699838161469
-0.46763700246810913 -2.448892116546631 -1.3789680004119873 -0.45904800295829773 -2.2813804149627686 -0.9259226669867834 -0.31175800164540607 -2.22772208849589 -1.3789680004119873 -0.45045900344848633 -2.1138687133789062 -0.4728773335615794 -0.30316900213559467 -2.060210386912028 -0.9259226669867834 -0.15587900082270303 -2.00655206044515 -1.3789680004119873 -0.4418700039386749 -1.946357011795044 -0.019832000136375427 -0.29458000262578327 -1.8926986853281658 -0.4728773335615794 -0.14729000131289163 -1.8390403588612874 -0.9259226669867834 0.0 -1.7853820323944092 -1.3789680004119873
0.0 -1.7853820323944092 -1.3789680004119873 -0.14729000131289163 -1.8390403588612874 -0.9259226669867834 -0.05592266718546549 -1.539681037267049 -0.9959746648867925 -0.29458000262578327 -1.8926986853281658 -0.4728773335615794 -0.20321266849835715 -1.5933393637339275 -0.5429293314615885 -0.11184533437093098 -1.2939800421396892 -0.6129813293615977 -0.4418700039386749 -1.946357011795044 -0.019832000136375427 -0.3505026698112488 -1.6469976902008057 -0.08988399803638458 -0.25913533568382263 -1.3476383686065674 -0.15993599593639374 -0.16776800155639648 -1.048279047012329 -0.2299879938364029
0.8336250185966492 -1.2083810567855835 -2.0172929763793945 0.9442076683044434 -1.4295460383097331 -2.0172929763793945 0.7230426867802938 -1.4295460383097331 -2.0172929763793945 1.0547903180122375 -1.6507110198338826 -2.0172929763793945 0.833625336488088 -1.6507110198338826 -2.0172929763793945 0.6124603549639384 -1.6507110198338826 -2.0172929763793945 1.1653729677200317 -1.8718760013580322 -2.0172929763793945 0.9442079861958822 -1.8718760013580322 -2.0172929763793945 0.7230430046717325 -1.8718760013580322 -2.0172929763793945 0.501878023147583 -1.8718760013580322 -2.0172929763793945
0.501878023147583 -1.8718760013580322 -2.0172929763793945 0.7230430046717325 -1.8718760013580322 -2.0172929763793945 0.501878023147583 -1.8718760013580322 -1.7961276372273762 0.9442079861958822 -1.8718760013580322 -2.0172929763793945 0.7230430046717325 -1.8718760013580322 -1.7961276372273762 0.501878023147583 -1.8718760013580322 -1.5749622980753581 1.1653729677200317 -1.8718760013580322 -2.0172929763793945 0.9442079861958822 -1.8718760013580322 -1.7961276372273762 0.7230430046717325 -1.8718760013580322 -1.5749622980753581 0.501878023147583 -1.8718760013580322 -1.3537969589233398
1.1653729677200317 -1.8718760013580322 -2.0172929763793945 1.1653729677200317 -1.8718760013580322 -1.7961276372273762 0.9442079861958822 -1.8718760013580322 -1.7961276372273762 1.1653729677200317 -1.8718760013580322 -1.5749622980753581 0.9442079861958822 -1.8718760013580322 -1.5749622980753581 0.7230430046717325 -1.8718760013580322 -1.5749622980753581 1.1653729677200317 -1.8718760013580322 -1.3537969589233398 0.9442079861958822 -1.8718760013580322 -1.3537969589233398 0.7230430046717325 -1.8718760013580322 -1.3537969589233398 0.501878023147583 -1.8718760013580322 -1.3537969589233398
1.1653729677200317 -1.8718760013580322 -1.3537969589233398 1.1653729677200317 -1.8718760013580322 -1.5749622980753581 1.0547903180122375 -1.6507110198338826 -1.3537969589233398 1.1653729677200317 -1.8718760013580322 -1.7961276372273762 1.0547903180122375 -1.6507110198338826 -1.5749622980753581 0.9442076683044434 -1.4295460383097331 -1.3537969589233398 1.1653729677200317 -1.8718760013580322 -2.0172929763793945 1.0547903180122375 -1.6507110198338826 -1.7961276372273762 0.9442076683044434 -1.4295460383097331 -1.5749622980753581 0.8336250185966492 -1.2083810567855835 -1.3537969589233398
1.1653729677200317 -1.8718760013580322 -2.0172929763793945 1.0547903180122375 -1.6507110198338826 -2.0172929763793945 1.0547903180122375 -1.6507110198338826 -1.7961276372273762 0.9442076683044434 -1.4295460383097331 -2.0172929763793945 0.9442076683044434 -1.4295460383097331 -1.7961276372273762 0.9442076683044434 -1.4295460383097331 -1.5749622980753581 0.8336250185966492 -1.2083810567855835 -2.0172929763793945 0.8336250185966492 -1.2083810567855835 -1.7961276372273762 0.8336250185966492 -1.2083810567855835 -1.5749622980753581 0.8336250185966492 -1.2083810567855835 -1.3537969589233398
0.501878023147583 -1.8718760013580322 -2.0172929763793945 0.501878023147583 -1.8718760013580322 -1.7961276372273762 0.6124603549639384 -1.6507110198338826 -2.0172929763793945 0.501878023147583 -1.8718760013580322 -1.5749622980753581 0.6124603549639384 -1.6507110198338826 -1.7961276372273762 0.7230426867802938 -1.4295460383097331 -2.0172929763793945 0.501878023147583 -1.8718760013580322 -1.3537969589233398 0.6124603549639384 -1.6507110198338826 -1.5749622980753581 0.7230426867802938 -1.4295460383097331 -1.7961276372273762 0.8336250185966492 -1.2083810567855835 -2.0172929763793945
0.501878023147583 -1.8718760013580322 -1.3537969589233398 0.6124603549639384 -1.6507110198338826 -1.3537969589233398 0.6124603549639384 -1.6507110198338826 -1.5749622980753581 0.7230426867802938 -1.4295460383097331 -1.3537969589233398 0.7230426867802938 -1.4295460383097331 -1.5749622980753581 0.7230426867802938 -1.4295460383097331 -1.7961276372273762 0.8336250185966492 -1.2083810567855835 -1.3537969589233398 0.8336250185966492 -1.2083810567855835 -1.5749622980753581 0.8336250185966492 -1.2083810567855835 -1.7961276372273762 0.8336250185966492 -1.2083810567855835 -2.0172929763793945
1.1653729677200317 -1.8718760013580322 -1.3537969589233398 1.1592929760615032 -1.7719790140787761 -0.933623639245828 0.9442079861958822 -1.8718760013580322 -1.3537969589233398 1.1532129844029744 -1.6720820267995198 -0.5134503195683161 0.9381279945373535 -1.7719790140787761 -0.933623639245828 0.7230430046717325 -1.8718760013580322 -1.3537969589233398 1.1471329927444458 -1.5721850395202637 -0.09327699989080429 0.9320480028788248 -1.6720820267995198 -0.5134503195683161 0.716963013013204 -1.7719790140787761 -0.933623639245828 0.501878023147583 -1.8718760013580322 -1.3537969589233398
0.501878023147583 -1.8718760013580322 -1.3537969589233398 0.716963013013204 -1.7719790140787761 -0.933623639245828 0.4906446834405263 -1.7809876600901287 -0.9332086394230524 0.9320480028788248 -1.6720820267995198 -0.5134503195683161 0.7057296733061472 -1.6810906728108723 -0.5130353197455406 0.47941134373346966 -1.6900993188222249 -0.5126203199227651 1.1471329927444458 -1.5721850395202637 -0.09327699989080429 0.9208146631717682 -1.5811936855316162 -0.09286200006802876 0.6944963335990906 -1.5902023315429688 -0.09244700024525325 0.46817800402641296 -1.5992109775543213 -0.09203200042247772
1.1653729677200317 -1.8718760013580322 -1.3537969589233398 1.0547903180122375 -1.6507110198338826 -1.3537969589233398 1.1592929760615032 -1.7719790140787761 -0.933623639245828 0.9442076683044434 -1.4295460383097331 -1.3537969589233398 1.048710326353709 -1.5508140325546265 -0.933623639245828 1.1532129844029744 -1.6720820267995198 -0.5134503195683161 0.8336250185966492 -1.2083810567855835 -1.3537969589233398 0.9381276766459147 -1.3296490510304768 -0.933623639245828 1.0426303346951802 -1.4509170452753704 -0.5134503195683161 1.1471329927444458 -1.5721850395202637 -0.09327699989080429
0.8336250185966492 -1.2083810567855835 -1.3537969589233398 0.8227536876996359 -1.0829943617184956 -1.005995641152064 0.9381276766459147 -1.3296490510304768 -0.933623639245828 0.8118823568026224 -0.9576076666514078 -0.6581943233807882 0.9272563457489014 -1.2042623559633892 -0.5858223214745522 1.0426303346951802 -1.4509170452753704 -0.5134503195683161 0.8010110259056091 -0.8322209715843201 -0.31039300560951233 0.9163850148518881 -1.0788756608963013 -0.2380210037032763 1.031759003798167 -1.3255303502082825 -0.1656490017970403 1.1471329927444458 -1.5721850395202637 -0.09327699989080429
0.501878023147583 -1.8718760013580322 -1.3537969589233398 0.4906446834405263 -1.7809876600901287 -0.9332086394230524 0.6124603549639384 -1.6507110198338826 -1.3537969589233398 0.47941134373346966 -1.6900993188222249 -0.5126203199227651 0.6012270152568817 -1.559822678565979 -0.9332086394230524 0.7230426867802938 -1.4295460383097331 -1.3537969589233398 0.46817800402641296 -1.5992109775543213 -0.09203200042247772 0.5899936755498251 -1.4689343372980754 -0.5126203199227651 0.7118093470732371 -1.3386576970418294 -0.9332086394230524 0.8336250185966492 -1.2083810567855835 -1.3537969589233398
0.8336250185966492 -1.2083810567855835 -1.3537969589233398 0.7118093470732371 -1.3386576970418294 -0.9332086394230524 0.8227536876996359 -1.0829943617184956 -1.005995641152064 0.5899936755498251 -1.4689343372980754 -0.5126203199227651 0.7009380161762238 -1.2132710019747417 -0.5854073216517767 0.8118823568026224 -0.9576076666514078 -0.6581943233807882 0.46817800402641296 -1.5992109775543213 -0.09203200042247772 0.5791223446528116 -1.3435476422309875 -0.16481900215148926 0.6900666852792104 -1.0878843069076538 -0.2376060038805008 0.8010110259056091 -0.8322209715843201 -0.31039300560951233
0.4433149993419647 -1.8748509883880615 -0.019832000136375427 0.45160266757011414 -1.7829709847768147 -0.04389866689840952 0.6779209971427917 -1.7739623387654622 -0.04431366672118505 0.45989033579826355 -1.691090981165568 -0.06796533366044362 0.6862086653709412 -1.6820823351542156 -0.06838033348321915 0.9125269949436188 -1.673073689142863 -0.06879533330599467 0.46817800402641296 -1.5992109775543213 -0.09203200042247772 0.6944963335990906 -1.5902023315429688 -0.09244700024525325 0.9208146631717682 -1.5811936855316162 -0.09286200006802876 1.1471329927444458 -1.5721850395202637 -0.09327699989080429
-0.09050200134515762 1.320472002029419 -1.8766659498214722 0.02810033659140269 1.1429153283437092 -1.9335906505584717 -0.20910433431466421 1.139863669872284 -1.9227486451466878 0.146702674527963 0.9653586546579996 -1.9905153512954712 -0.0905019963781039 0.9623069961865743 -1.9796733458836873 -0.3277066672841708 0.9592553377151489 -1.9688313404719036 0.2653050124645233 0.78780198097229 -2.0474400520324707 0.02810034155845642 0.7847503225008646 -2.036598046620687 -0.20910432934761047 0.7816986640294393 -2.025756041208903 -0.44630900025367737 0.7786470055580139 -2.014914035797119
-0.44630900025367737 0.7786470055580139 -2.014914035797119 -0.20910432934761047 0.7816986640294393 -2.025756041208903 -0.41783366600672406 0.7385459939638773 -1.846606691678365 0.02810034155845642 0.7847503225008646 -2.036598046620687 -0.18062899510065714 0.7415976524353027 -1.857448697090149 -0.3893583317597707 0.6984449823697408 -1.678299347559611 0.2653050124645233 0.78780198097229 -2.0474400520324707 0.05657567580540975 0.7446493109067281 -1.8682907025019329 -0.15215366085370383 0.7014966408411661 -1.6891413529713948 -0.3608829975128174 0.6583439707756042 -1.509992003440857
0.2653050124645233 0.78780198097229 -2.0474400520324707 0.2559356739123662 0.7472139795621237 -1.8774030208587646 0.05657567580540975 0.7446493109067281 -1.8682907025019329 0.24656633536020914 0.7066259781519572 -1.7073659896850586 0.04720633725325266 0.7040613094965616 -1.6982536713282268 -0.15215366085370383 0.7014966408411661 -1.6891413529713948 0.23719699680805206 0.6660379767417908 -1.5373289585113525 0.03783699870109558 0.6634733080863953 -1.5282166401545207 -0.1615229994058609 0.6609086394309998 -1.5191043217976887 -0.3608829975128174 0.6583439707756042 -1.509992003440857
-0.09050200134515762 1.320472002029419 -1.8766659498214722 -0.06579066750903924 1.2515563170115154 -1.7166343132654827 0.02810033659140269 1.1429153283437092 -1.9335906505584717 -0.04107933367292086 1.1826406319936116 -1.556602676709493 0.05281167042752107 1.0739996433258057 -1.7735590140024822 0.146702674527963 0.9653586546579996 -1.9905153512954712 -0.016367999836802483 1.113724946975708 -1.3965710401535034 0.07752300426363945 1.005083958307902 -1.6135273774464924 0.17141400836408138 0.8964429696400961 -1.8304837147394817 0.2653050124645233 0.78780198097229 -2.0474400520324707
0.23719699680805206 0.6660379767417908 -1.5373289585113525 0.24656633536020914 0.7066259781519572 -1.7073659896850586 0.1526753312597672 0.8152669668197632 -1.4904096523920696 0.2559356739123662 0.7472139795621237 -1.8774030208587646 0.1620446698119243 0.8558549682299296 -1.6604466835657756 0.06815366571148236 0.9644959568977356 -1.4434903462727864 0.2653050124645233 0.78780198097229 -2.0474400520324707 0.17141400836408138 0.8964429696400961 -1.8304837147394817 0.07752300426363945 1.005083958307902 -1.6135273774464924 -0.016367999836802483 1.113724946975708 -1.3965710401535034
-0.44630900025367737 0.7786470055580139 -2.014914035797119 -0.41783366600672406 0.7385459939638773 -1.846606691678365 -0.3277066672841708 0.9592553377151489 -1.9688313404719036 -0.3893583317597707 0.6984449823697408 -1.678299347559611 -0.29923133303721744 0.9191543261210123 -1.8005239963531494 -0.20910433431466421 1.139863669872284 -1.9227486451466878 -0.3608829975128174 0.6583439707756042 -1.509992003440857 -0.27075599879026413 0.8790533145268759 -1.6322166522343953 -0.18062900006771088 1.0997626582781475 -1.7544413010279338 -0.09050200134515762 1.320472002029419 -1.8766659498214722
-0.3608829975128174 0.6583439707756042 -1.509992003440857 -0.24604466495414576 0.8101376295089722 -1.4721850156784058 -0.27075599879026413 0.8790533145268759 -1.6322166522343953 -0.1312063323954741 0.9619312882423401 -1.4343780279159546 -0.1559176662315925 1.0308469732602437 -1.594409664471944 -0.18062900006771088 1.0997626582781475 -1.7544413010279338 -0.016367999836802483 1.113724946975708 -1.3965710401535034 -0.04107933367292086 1.1826406319936116 -1.556602676709493 -0.06579066750903924 1.2515563170115154 -1.7166343132654827 -0.09050200134515762 1.320472002029419 -1.8766659498214722
-0.4418700039386749 0.472337007522583 -0.6036099791526794 -0.4148743351300557 0.5343393286069235 -0.9057373205820719 -0.2183703382809957 0.492509663105011 -0.6160713235537211 -0.3878786663214366 0.5963416496912638 -1.2078646620114644 -0.1913746694723765 0.5545119841893514 -0.9181986649831136 0.005129327376683553 0.512682318687439 -0.6285326679547628 -0.3608829975128174 0.6583439707756042 -1.509992003440857 -0.16437900066375732 0.6165143052736918 -1.220326006412506 0.032124996185302734 0.5746846397717794 -0.9306600093841553 0.2286289930343628 0.5328549742698669 -0.6409940123558044
-0.3608829975128174 0.6583439707756042 -1.509992003440857 -0.1615229994058609 0.6609086394309998 -1.5191043217976887 -0.16437900066375732 0.6165143052736918 -1.220326006412506 0.03783699870109558 0.6634733080863953 -1.5282166401545207 0.03498099744319916 0.6190789739290873 -1.229438324769338 0.032124996185302734 0.5746846397717794 -0.9306600093841553 0.23719699680805206 0.6660379767417908 -1.5373289585113525 0.23434099555015564 0.6216436425844828 -1.23855064312617 0.23148499429225922 0.5772493084271749 -0.9397723277409872 0.2286289930343628 0.5328549742698669 -0.6409940123558044
0.23719699680805206 0.6660379767417908 -1.5373289585113525 0.1526753312597672 0.8152669668197632 -1.4904096523920696 0.23434099555015564 0.6216436425844828 -1.23855064312617 0.06815366571148236 0.9644959568977356 -1.4434903462727864 0.14981933000187078 0.7708726326624552 -1.1916313370068867 0.23148499429225922 0.5772493084271749 -0.9397723277409872 -0.016367999836802483 1.113724946975708 -1.3965710401535034 0.06529766445358594 0.9201016227404276 -1.1447120308876038 0.14696332874397436 0.7264782985051473 -0.8928530216217041 0.2286289930343628 0.5328549742698669 -0.6409940123558044
-0.016367999836802483 1.113724946975708 -1.3965710401535034 -0.013592333222428957 1.1279912789662678 -1.1421050230662029 0.06529766445358594 0.9201016227404276 -1.1447120308876038 -0.010816666608055433 1.1422576109568279 -0.8876390059789022 0.06807333106795947 0.9343679547309875 -0.8902460138003031 0.14696332874397436 0.7264782985051473 -0.8928530216217041 -0.008040999993681908 1.1565239429473877 -0.6331729888916016 0.07084899768233299 0.9486342867215475 -0.6357799967130026 0.1497389953583479 0.7407446304957072 -0.6383870045344034 0.2286289930343628 0.5328549742698669 -0.6409940123558044
-0.4418700039386749 0.472337007522583 -0.6036099791526794 -0.29726033595701057 0.7003993193308512 -0.6134643157323202 -0.4148743351300557 0.5343393286069235 -0.9057373205820719 -0.15265066797534624 0.9284616311391195 -0.6233186523119608 -0.2702646671483914 0.7624016404151917 -0.9155916571617126 -0.3878786663214366 0.5963416496912638 -1.2078646620114644 -0.008040999993681908 1.1565239429473877 -0.6331729888916016 -0.12565499916672707 0.9904639522234598 -0.9254459937413534 -0.24326899833977222 0.8244039614995321 -1.2177189985911052 -0.3608829975128174 0.6583439707756042 -1.509992003440857
-0.016367999836802483 1.113724946975708 -1.3965710401535034 -0.1312063323954741 0.9619312882423401 -1.4343780279159546 -0.013592333222428957 1.1279912789662678 -1.1421050230662029 -0.24604466495414576 0.8101376295089722 -1.4721850156784058 -0.1284306657811006 0.9761976202329 -1.179912010828654 -0.010816666608055433 1.1422576109568279 -0.8876390059789022 -0.3608829975128174 0.6583439707756042 -1.509992003440857 -0.24326899833977222 0.8244039614995321 -1.2177189985911052 -0.12565499916672707 0.9904639522234598 -0.9254459937413534 -0.008040999993681908 1.1565239429473877 -0.6331729888916016
-0.3992820084095001 1.5294899940490723 0.9169340133666992 -0.4324226677417755 1.4680430094401042 1.2586363554000854 -0.6667413512865702 1.5967803398768108 0.8071756760279337 -0.4655633270740509 1.406596024831136 1.6003386974334717 -0.6998820106188456 1.5353333552678425 1.14887801806132 -0.9342006941636404 1.664070685704549 0.6974173386891683 -0.4987039864063263 1.345149040222168 1.942041039466858 -0.733022669951121 1.4738863706588745 1.4905803600947063 -0.9673413534959158 1.602623701095581 1.0391196807225545 -1.2016600370407104 1.7313610315322876 0.5876590013504028
