0.6304397583007812 1.9233949184417725 -2.350696563720703 0.7852873802185059 1.772063970565796 -2.317762851715088 0.5615310668945312 1.7135908603668213 -2.344101905822754 0.94013512134552 1.6207329034805298 -2.2848293781280518 0.7163786888122559 1.5622599124908447 -2.3111681938171387 0.49262240529060364 1.5037869215011597 -2.3375072479248047 1.0949827432632446 1.4694018363952637 -2.2518956661224365 0.87122642993927 1.4109289646148682 -2.2782347202301025 0.6474701166152954 1.3524558544158936 -2.3045735359191895 0.423713743686676 1.2939828634262085 -2.3309125900268555
0.423713743686676 1.2939828634262085 -2.3309125900268555 0.6474701166152954 1.3524558544158936 -2.3045735359191895 0.4342837333679199 1.29819655418396 -2.1581642627716064 0.87122642993927 1.4109289646148682 -2.2782347202301025 0.6580400466918945 1.356669545173645 -2.1318252086639404 0.4448537528514862 1.3024102449417114 -1.9854159355163574 1.0949827432632446 1.4694018363952637 -2.2518956661224365 0.8817964792251587 1.41514253616333 -2.1054863929748535 0.6686100959777832 1.3608832359313965 -1.9590768814086914 0.4554237425327301 1.306623935699463 -1.8126676082611084
1.0949827432632446 1.4694018363952637 -2.2518956661224365 1.0901787281036377 1.4642865657806396 -2.1153223514556885 0.8817964792251587 1.41514253616333 -2.1054863929748535 1.0853747129440308 1.4591712951660156 -1.9787490367889404 0.8769924640655518 1.410027265548706 -1.9689130783081055 0.6686100959777832 1.3608832359313965 -1.9590768814086914 1.0805706977844238 1.454055905342102 -1.8421757221221924 0.8721884489059448 1.4049118757247925 -1.8323397636413574 0.6638060808181763 1.3557679653167725 -1.8225035667419434 0.4554237425327301 1.306623935699463 -1.8126676082611084
0.6304397583007812 1.9233949184417725 -2.350696563720703 0.6365447044372559 1.9089275598526 -2.1778109073638916 0.7852873802185059 1.772063970565796 -2.317762851715088 0.64264976978302 1.8944602012634277 -2.00492525100708 0.79139244556427 1.757596492767334 -2.1448771953582764 0.94013512134552 1.6207329034805298 -2.2848293781280518 0.6487547159194946 1.879992961883545 -1.8320395946502686 0.7974973917007446 1.7431292533874512 -1.9719915390014648 0.9462400674819946 1.6062655448913574 -2.1119437217712402 1.0949827432632446 1.4694018363952637 -2.2518956661224365
1.0805706977844238 1.454055905342102 -1.8421757221221924 1.0853747129440308 1.4591712951660156 -1.9787490367889404 0.9366320371627808 1.5960348844528198 -1.8387970924377441 1.0901787281036377 1.4642865657806396 -2.1153223514556885 0.9414360523223877 1.6011502742767334 -1.9753704071044922 0.7926933765411377 1.7380139827728271 -1.8354182243347168 1.0949827432632446 1.4694018363952637 -2.2518956661224365 0.9462400674819946 1.6062655448913574 -2.1119437217712402 0.7974973917007446 1.7431292533874512 -1.9719915390014648 0.6487547159194946 1.879992961883545 -1.8320395946502686
0.6304397583007812 1.9233949184417725 -2.350696563720703 0.5615310668945312 1.7135908603668213 -2.344101905822754 0.6365447044372559 1.9089275598526 -2.1778109073638916 0.49262240529060364 1.5037869215011597 -2.3375072479248047 0.5676360130310059 1.6991236209869385 -2.1712162494659424 0.64264976978302 1.8944602012634277 -2.00492525100708 0.423713743686676 1.2939828634262085 -2.3309125900268555 0.498727411031723 1.4893195629119873 -2.164621591567993 0.57374107837677 1.6846562623977661 -1.9983305931091309 0.6487547159194946 1.879992961883545 -1.8320395946502686
0.423713743686676 1.2939828634262085 -2.3309125900268555 0.4342837333679199 1.29819655418396 -2.1581642627716064 0.498727411031723 1.4893195629119873 -2.164621591567993 0.4448537528514862 1.3024102449417114 -1.9854159355163574 0.5092973709106445 1.4935332536697388 -1.9918732643127441 0.57374107837677 1.6846562623977661 -1.9983305931091309 0.4554237425327301 1.306623935699463 -1.8126676082611084 0.5198674201965332 1.4977469444274902 -1.8191249370574951 0.5843111276626587 1.6888699531555176 -1.8255822658538818 0.6487547159194946 1.879992961883545 -1.8320395946502686
0.35263198614120483 0.22902899980545044 -0.6479079723358154 0.3927370011806488 0.18339966237545013 -0.9092216491699219 0.6174656748771667 0.2968093454837799 -0.6626740097999573 0.4328419864177704 0.13777033984661102 -1.1705353260040283 0.6575706601142883 0.2511799931526184 -0.9239876866340637 0.8822993040084839 0.364589661359787 -0.6774399876594543 0.4554237425327301 1.306623935699463 -1.8126676082611084 0.680152416229248 1.420033574104309 -1.566119909286499 0.9224043488502502 0.3189603388309479 -0.9387536644935608 1.1471329927444458 0.43237000703811646 -0.6922060251235962
0.4554237425327301 1.306623935699463 -1.8126676082611084 0.6638060808181763 1.3557679653167725 -1.8225035667419434 0.680152416229248 1.420033574104309 -1.566119909286499 0.8721884489059448 1.4049118757247925 -1.8323397636413574 0.8885347843170166 1.4691776037216187 -1.575956106185913 0.9224043488502502 0.3189603388309479 -0.9387536644935608 1.0805706977844238 1.454055905342102 -1.8421757221221924 1.0969170331954956 1.5183215141296387 -1.585792064666748 1.130786657333374 0.36810433864593506 -0.9485896825790405 1.1471329927444458 0.43237000703811646 -0.6922060251235962
0.6163349747657776 0.9002760052680969 -0.6482499837875366 0.7932676672935486 0.7443073391914368 -0.6629019975662231 0.6329826712608337 0.8220206499099731 -0.9159069657325745 0.9702003002166748 0.5883386731147766 -0.6775540113449097 0.80991530418396 0.666051983833313 -0.930558979511261 0.6496303081512451 0.7437653541564941 -1.1835639476776123 1.1471329927444458 0.43237000703811646 -0.6922060251235962 0.986847996711731 0.5100833177566528 -0.9452109932899475 0.8090397119522095 1.8022795915603638 -1.5790345668792725 0.6487547159194946 1.879992961883545 -1.8320395946502686
1.0805706977844238 1.454055905342102 -1.8421757221221924 0.9366320371627808 1.5960348844528198 -1.8387970924377441 1.0969170331954956 1.5183215141296387 -1.585792064666748 0.7926933765411377 1.7380139827728271 -1.8354182243347168 0.9529783725738525 1.660300612449646 -1.5824134349822998 1.130786657333374 0.36810433864593506 -0.9485896825790405 0.6487547159194946 1.879992961883545 -1.8320395946502686 0.8090397119522095 1.8022795915603638 -1.5790345668792725 0.986847996711731 0.5100833177566528 -0.9452109932899475 1.1471329927444458 0.43237000703811646 -0.6922060251235962
0.6163349747657776 0.9002760052680969 -0.6482499837875366 0.6329826712608337 0.8220206499099731 -0.9159069657325745 0.5284339785575867 0.6765270233154297 -0.6481359601020813 0.6496303081512451 0.7437653541564941 -1.1835639476776123 0.5450816750526428 0.5982716679573059 -0.9157930016517639 0.44053298234939575 0.45277801156044006 -0.6480219960212708 0.6487547159194946 1.879992961883545 -1.8320395946502686 0.5617293119430542 0.5200163125991821 -1.1834499835968018 0.4571806490421295 0.3745226562023163 -0.9156789779663086 0.35263198614120483 0.22902899980545044 -0.6479079723358154
0.6487547159194946 1.879992961883545 -1.8320395946502686 0.5843111276626587 1.6888699531555176 -1.8255822658538818 0.5617293119430542 0.5200163125991821 -1.1834499835968018 0.5198674201965332 1.4977469444274902 -1.8191249370574951 0.4972856640815735 0.3288933336734772 -1.176992654800415 0.4571806490421295 0.3745226562023163 -0.9156789779663086 0.4554237425327301 1.306623935699463 -1.8126676082611084 0.4328419864177704 0.13777033984661102 -1.1705353260040283 0.3927370011806488 0.18339966237545013 -0.9092216491699219 0.35263198614120483 0.22902899980545044 -0.6479079723358154
-0.50714111328125 3.2348132133483887 2.5499911308288574 -0.5668210983276367 2.700662612915039 2.6740119457244873 -0.2977670729160309 2.895867347717285 2.698835849761963 -0.6265010833740234 2.1665120124816895 2.798032760620117 -0.3574470579624176 2.3617167472839355 2.8228566646575928 -0.08839307725429535 2.5569214820861816 2.8476805686950684 -0.6861810684204102 1.6323614120483398 2.922053337097168 -0.4171270430088043 1.827566146850586 2.9468774795532227 -0.14807304739952087 2.022770881652832 2.9717013835906982 0.12098093330860138 2.217975616455078 2.996525287628174
-0.50714111328125 3.2348132133483887 2.5499911308288574 -0.2977670729160309 2.895867347717285 2.698835849761963 -0.32948973774909973 3.084578037261963 2.24737548828125 -0.08839307725429535 2.5569214820861816 2.8476805686950684 -0.1201157346367836 2.7456321716308594 2.3962202072143555 -0.15183839201927185 2.934342861175537 1.9447599649429321 0.12098093330860138 2.217975616455078 2.996525287628174 0.08925826847553253 2.406686305999756 2.545064926147461 0.057535603642463684 2.5953965187072754 2.093604564666748 0.025812936946749687 2.784107208251953 1.6421443223953247
0.12098093330860138 2.217975616455078 2.996525287628174 0.16524794697761536 2.085963249206543 2.6548233032226562 0.08925826847553253 2.406686305999756 2.545064926147461 0.20951494574546814 1.9539507627487183 2.3131213188171387 0.1335252821445465 2.2746739387512207 2.2033629417419434 0.057535603642463684 2.5953965187072754 2.093604564666748 0.24863100051879883 1.6394009590148926 0.9914069771766663 0.1777922809123993 2.1426613330841064 1.8616609573364258 0.10180260241031647 2.4633841514587402 1.7519025802612305 0.025812936946749687 2.784107208251953 1.6421443223953247
0.24863100051879883 1.6394009590148926 0.9914069771766663 -0.007559994701296091 1.6163359880447388 0.9665826559066772 0.1777922809123993 2.1426613330841064 1.8616609573364258 -0.25860005617141724 1.7758084535598755 1.9217705726623535 -0.07839872688055038 2.119596481323242 1.836836576461792 0.10180260241031647 2.4633841514587402 1.7519025802612305 -0.5147910714149475 1.7527434825897217 1.8969463109970093 -0.33458971977233887 2.096531391143799 1.8120123147964478 -0.1543883979320526 2.440319538116455 1.7270783185958862 0.025812936946749687 2.784107208251953 1.6421443223953247
0.025812936946749687 2.784107208251953 1.6421443223953247 -0.1543883979320526 2.440319538116455 1.7270783185958862 -0.2048567235469818 2.7644577026367188 1.6173200607299805 -0.33458971977233887 2.096531391143799 1.8120123147964478 -0.38505804538726807 2.4206695556640625 1.702254056930542 -0.43552640080451965 2.7448081970214844 1.5924956798553467 -0.5147910714149475 1.7527434825897217 1.8969463109970093 -0.5652593970298767 2.0768818855285645 1.7871880531311035 -0.6157277822494507 2.401020050048828 1.6774296760559082 -0.6661961078643799 2.725158214569092 1.567671298980713
-0.6661961078643799 2.725158214569092 1.567671298980713 -0.6728577613830566 2.3608927726745605 2.019132137298584 -0.6131777763366699 2.89504337310791 1.895111322402954 -0.6795194149017334 1.9966270923614502 2.470592498779297 -0.6198394298553467 2.530777931213379 2.346571922302246 -0.56015944480896 3.0649285316467285 2.2225513458251953 -0.6861810684204102 1.6323614120483398 2.922053337097168 -0.6265010833740234 2.1665120124816895 2.798032760620117 -0.5668210983276367 2.700662612915039 2.6740119457244873 -0.50714111328125 3.2348132133483887 2.5499911308288574
-0.6661961078643799 2.725158214569092 1.567671298980713 -0.6131777763366699 2.89504337310791 1.895111322402954 -0.43552640080451965 2.7448081970214844 1.5924956798553467 -0.56015944480896 3.0649285316467285 2.2225513458251953 -0.3825080692768097 2.9146928787231445 1.919935703277588 -0.2048567235469818 2.7644577026367188 1.6173200607299805 -0.50714111328125 3.2348132133483887 2.5499911308288574 -0.32948973774909973 3.084578037261963 2.24737548828125 -0.15183839201927185 2.934342861175537 1.9447599649429321 0.025812936946749687 2.784107208251953 1.6421443223953247
-0.4418700039386749 1.2291979789733887 0.3110800087451935 -0.00711299991235137 1.2251553535461426 0.3067390024662018 -0.2972603440284729 1.2049733400344849 -0.003670990467071533 0.4276440143585205 1.221112608909607 0.3023979961872101 0.13749666512012482 1.2009305953979492 -0.008011996746063232 -0.15265066921710968 1.1807485818862915 -0.31842198967933655 0.862401008605957 1.2170699834823608 0.2980569899082184 0.5722536444664001 1.1968879699707031 -0.012353003025054932 0.28210633993148804 1.1767059564590454 -0.32276299595832825 -0.008040999993681908 1.1565239429473877 -0.6331729888916016
0.862401008605957 1.2170699834823608 0.2980569899082184 0.7803789973258972 1.1114720106124878 -0.0173786673694849 0.5722536444664001 1.1968879699707031 -0.012353003025054932 0.6983569860458374 1.0058740377426147 -0.3328143358230591 0.4902316629886627 1.09128999710083 -0.32778865098953247 0.28210633993148804 1.1767059564590454 -0.32276299595832825 0.6163349747657776 0.9002760052680969 -0.6482499837875366 0.4082096517086029 0.9856919646263123 -0.64322429895401 0.20008432865142822 1.0711079835891724 -0.6381986737251282 -0.008040999993681908 1.1565239429473877 -0.6331729888916016
-0.4418700039386749 0.472337007522583 -0.6036099791526794 -0.21837033331394196 0.492509663105011 -0.616071343421936 -0.17703600227832794 0.3912343382835388 -0.6183759570121765 0.005129327531903982 0.512682318687439 -0.6285326480865479 0.046463657170534134 0.4114069938659668 -0.6308373212814331 0.08779799193143845 0.31013166904449463 -0.6331419944763184 0.2286289930343628 0.5328549742698669 -0.6409940123558044 0.2699633240699768 0.4315796494483948 -0.6432986855506897 0.3112976551055908 0.3303043246269226 -0.6456032991409302 0.35263198614120483 0.22902899980545044 -0.6479079723358154
1.1772069931030273 -1.7207340002059937 0.27553001046180725 1.1772069931030273 -1.5421563386917114 0.5981826782226562 0.9426009654998779 -1.7796252965927124 0.36102667450904846 1.1772069931030273 -1.3635786771774292 0.9208353161811829 0.9426009654998779 -1.6010476350784302 0.6836793422698975 0.7079949975013733 -1.8385167121887207 0.4465233087539673 1.1772069931030273 -1.185001015663147 1.2434879541397095 0.9426009654998779 -1.422469973564148 1.0063319206237793 0.7079949975013733 -1.6599390506744385 0.7691759467124939 0.47338899970054626 -1.8974080085754395 0.5320199728012085
1.1772069931030273 -1.185001015663147 1.2434879541397095 0.6475396752357483 -1.2168973684310913 1.2720069885253906 0.9426009654998779 -1.422469973564148 1.0063319206237793 0.11787233501672745 -1.248793601989746 1.3005260229110718 0.41293367743492126 -1.4543663263320923 1.0348509550094604 0.7079949975013733 -1.6599390506744385 0.7691759467124939 -0.4117949903011322 -1.2806899547576904 1.329045057296753 -0.11673366278409958 -1.4862626791000366 1.0633699893951416 0.17832766473293304 -1.6918352842330933 0.797694981098175 0.47338899970054626 -1.8974080085754395 0.5320199728012085
-0.4117949903011322 -1.9507139921188354 0.5796809792518616 -0.11673366278409958 -1.9329453706741333 0.563793957233429 -0.4117949903011322 -1.727372646331787 0.8294690251350403 0.17832766473293304 -1.9151766300201416 0.5479069948196411 -0.11673366278409958 -1.709604024887085 0.8135820031166077 -0.4117949903011322 -1.5040313005447388 1.0792570114135742 0.47338899970054626 -1.8974080085754395 0.5320199728012085 0.17832766473293304 -1.6918352842330933 0.797694981098175 -0.11673366278409958 -1.4862626791000366 1.0633699893951416 -0.4117949903011322 -1.2806899547576904 1.329045057296753
1.1772069931030273 -1.7207340002059937 0.27553001046180725 1.1671823263168335 -1.0030326843261719 -0.047048669308423996 1.1772069931030273 -1.5421563386917114 0.5981826782226562 1.1571576595306396 -0.2853313386440277 -0.36962735652923584 1.1671823263168335 -0.8244550228118896 0.2756039798259735 1.1772069931030273 -1.3635786771774292 0.9208353161811829 1.1471329927444458 0.43237000703811646 -0.6922060251235962 1.1571576595306396 -0.10675366967916489 -0.046974699944257736 1.1671823263168335 -0.6458773612976074 0.5982566475868225 1.1772069931030273 -1.185001015663147 1.2434879541397095
1.1772069931030273 -1.185001015663147 1.2434879541397095 1.1671823263168335 -0.6458773612976074 0.5982566475868225 1.1462860107421875 -0.6565070152282715 1.1896566152572632 1.1571576595306396 -0.10675366967916489 -0.046974699944257736 1.1362613439559937 -0.11738333851099014 0.5444253087043762 1.1153650283813477 -0.128013014793396 1.1358253955841064 1.1471329927444458 0.43237000703811646 -0.6922060251235962 1.1262366771697998 0.42174032330513 -0.10080599784851074 1.1053403615951538 0.41111066937446594 0.4905940294265747 1.0844440460205078 0.4004809856414795 1.0819940567016602
1.0844440460205078 0.4004809856414795 1.0819940567016602 1.1053403615951538 0.41111066937446594 0.4905940294265747 1.0104297399520874 0.6726773381233215 0.8206816911697388 1.1262366771697998 0.42174032330513 -0.10080599784851074 1.0313260555267334 0.6833069920539856 0.22928167879581451 0.9364153742790222 0.9448736310005188 0.5593693256378174 1.1471329927444458 0.43237000703811646 -0.6922060251235962 1.0522223711013794 0.6939366459846497 -0.36211836338043213 0.9573116898536682 0.9555033445358276 -0.032030683010816574 0.862401008605957 1.2170699834823608 0.2980569899082184
1.1471329927444458 0.43237000703811646 -0.6922060251235962 0.9702003002166748 0.5883386731147766 -0.6775540113449097 1.0522223711013794 0.6939366459846497 -0.36211836338043213 0.7932676672935486 0.7443073391914368 -0.6629019975662231 0.8752896785736084 0.8499053120613098 -0.3474663496017456 0.9573116898536682 0.9555033445358276 -0.032030683010816574 0.6163349747657776 0.9002760052680969 -0.6482499837875366 0.6983569860458374 1.0058740377426147 -0.3328143358230591 0.7803789973258972 1.1114720106124878 -0.0173786673694849 0.862401008605957 1.2170699834823608 0.2980569899082184
-0.008040999993681908 1.1565239429473877 -0.6331729888916016 -0.15265066921710968 0.9284616112709045 -0.6233186721801758 -0.15265066921710968 1.1807485818862915 -0.31842198967933655 -0.2972603440284729 0.7003993391990662 -0.6134642958641052 -0.2972603440284729 0.9526863098144531 -0.3085676431655884 -0.2972603440284729 1.2049733400344849 -0.003670990467071533 -0.4418700039386749 0.472337007522583 -0.6036099791526794 -0.4418700039386749 0.72462397813797 -0.2987133264541626 -0.4418700039386749 0.9769110083580017 0.006183346267789602 -0.4418700039386749 1.2291979789733887 0.3110800087451935
-0.4117949903011322 -1.2806899547576904 1.329045057296753 -0.4218199849128723 -0.7020933032035828 1.2144943475723267 -0.4117949903011322 -1.5040313005447388 1.0792570114135742 -0.4318450093269348 -0.1234966516494751 1.0999436378479004 -0.4218199849128723 -0.9254346489906311 0.9647063612937927 -0.4117949903011322 -1.727372646331787 0.8294690251350403 -0.4418700039386749 0.45509999990463257 0.9853929877281189 -0.4318450093269348 -0.34683799743652344 0.8501556515693665 -0.4218199849128723 -1.1487760543823242 0.714918315410614 -0.4117949903011322 -1.9507139921188354 0.5796809792518616
-0.4117949903011322 -1.9507139921188354 0.5796809792518616 -0.4218199849128723 -1.1487760543823242 0.714918315410614 -0.42035067081451416 -1.5384023189544678 0.234214648604393 -0.4318450093269348 -0.34683799743652344 0.8501556515693665 -0.4303756654262543 -0.7364643216133118 0.36945199966430664 -0.42890632152557373 -1.1260906457901 -0.11125167459249496 -0.4418700039386749 0.45509999990463257 0.9853929877281189 -0.4404006600379944 0.06547367572784424 0.5046893358230591 -0.43893134593963623 -0.3241526484489441 0.023985663428902626 -0.4374620020389557 -0.7137789726257324 -0.45671799778938293
-0.4374620020389557 -0.7137789726257324 -0.45671799778938293 -0.43893134593963623 -0.3241526484489441 0.023985663428902626 -0.43893134593963623 -0.31840696930885315 -0.5056819915771484 -0.4404006600379944 0.06547367572784424 0.5046893358230591 -0.4404006600379944 0.07121934741735458 -0.024978330358862877 -0.4404006600379944 0.07696501165628433 -0.5546460151672363 -0.4418700039386749 0.45509999990463257 0.9853929877281189 -0.4418700039386749 0.4608456790447235 0.4557253420352936 -0.4418700039386749 0.46659132838249207 -0.07394232600927353 -0.4418700039386749 0.472337007522583 -0.6036099791526794
-0.4418700039386749 0.45509999990463257 0.9853929877281189 -0.4418700039386749 0.7131326794624329 0.7606220245361328 -0.4418700039386749 0.4608456790447235 0.4557253420352936 -0.4418700039386749 0.9711652994155884 0.535851001739502 -0.4418700039386749 0.7188783288002014 0.2309543341398239 -0.4418700039386749 0.46659132838249207 -0.07394232600927353 -0.4418700039386749 1.2291979789733887 0.3110800087451935 -0.4418700039386749 0.9769110083580017 0.006183346267789602 -0.4418700039386749 0.72462397813797 -0.2987133264541626 -0.4418700039386749 0.472337007522583 -0.6036099791526794
-0.4117949903011322 -1.2806899547576904 1.329045057296753 0.11787233501672745 -1.248793601989746 1.3005260229110718 -0.4218199849128723 -0.7020933032035828 1.2144943475723267 0.6475396752357483 -1.2168973684310913 1.2720069885253906 0.10784733295440674 -0.6701970100402832 1.1859753131866455 -0.4318450093269348 -0.1234966516494751 1.0999436378479004 1.1772069931030273 -1.185001015663147 1.2434879541397095 0.6375146508216858 -0.6383006572723389 1.1574562788009644 0.09782233089208603 -0.09160033613443375 1.0714246034622192 -0.4418700039386749 0.45509999990463257 0.9853929877281189
1.1772069931030273 -1.185001015663147 1.2434879541397095 1.1462860107421875 -0.6565070152282715 1.1896566152572632 0.6375146508216858 -0.6383006572723389 1.1574562788009644 1.1153650283813477 -0.128013014793396 1.1358253955841064 0.606593668460846 -0.10980667918920517 1.1036250591278076 0.09782233089208603 -0.09160033613443375 1.0714246034622192 1.0844440460205078 0.4004809856414795 1.0819940567016602 0.5756726861000061 0.4186873137950897 1.0497937202453613 0.06690134853124619 0.43689367175102234 1.0175933837890625 -0.4418700039386749 0.45509999990463257 0.9853929877281189
0.12098093330860138 2.217975616455078 2.996525287628174 0.438701331615448 1.4904524087905884 1.705006718635559 0.16524794697761536 2.085963249206543 2.6548233032226562 0.7615727186203003 0.9454666972160339 1.3935004472732544 0.48296836018562317 1.3584400415420532 1.3633047342300415 0.20951494574546814 1.9539507627487183 2.3131213188171387 1.0844440460205078 0.4004809856414795 1.0819940567016602 0.8058397173881531 0.8134543299674988 1.0517983436584473 0.5272353291511536 1.226427674293518 1.0216026306152344 0.24863100051879883 1.6394009590148926 0.9914069771766663
1.0844440460205078 0.4004809856414795 1.0819940567016602 1.0104297399520874 0.6726773381233215 0.8206816911697388 0.8058397173881531 0.8134543299674988 1.0517983436584473 0.9364153742790222 0.9448736310005188 0.5593693256378174 0.7318253517150879 1.0856506824493408 0.7904859781265259 0.5272353291511536 1.226427674293518 1.0216026306152344 0.862401008605957 1.2170699834823608 0.2980569899082184 0.6578109860420227 1.357846975326538 0.5291736721992493 0.45322099328041077 1.4986239671707153 0.7602903246879578 0.24863100051879883 1.6394009590148926 0.9914069771766663
0.862401008605957 1.2170699834823608 0.2980569899082184 0.4276440143585205 1.221112608909607 0.3023979961872101 0.6578109860420227 1.357846975326538 0.5291736721992493 -0.00711299991235137 1.2251553535461426 0.3067390024662018 0.22305400669574738 1.3618896007537842 0.533514678478241 0.45322099328041077 1.4986239671707153 0.7602903246879578 -0.4418700039386749 1.2291979789733887 0.3110800087451935 -0.21170300245285034 1.3659323453903198 0.5378556847572327 0.018463999032974243 1.5026665925979614 0.7646313309669495 0.24863100051879883 1.6394009590148926 0.9914069771766663
-0.4418700039386749 1.2291979789733887 0.3110800087451935 -0.4678939878940582 1.342867374420166 0.5130313634872437 -0.21170300245285034 1.3659323453903198 0.5378556847572327 -0.4939180016517639 1.4565366506576538 0.7149826884269714 -0.23772700130939484 1.4796016216278076 0.7398070096969604 0.018463999032974243 1.5026665925979614 0.7646313309669495 -0.5147910714149475 1.7527434825897217 1.8969463109970093 -0.25860005617141724 1.7758084535598755 1.9217705726623535 -0.007559994701296091 1.6163359880447388 0.9665826559066772 0.24863100051879883 1.6394009590148926 0.9914069771766663
-0.6861810684204102 1.6323614120483398 2.922053337097168 -0.6290510892868042 1.672488808631897 2.580350875854492 -0.6081780195236206 1.1182492971420288 1.62315833568573 -0.5719210505485535 1.7126160860061646 2.2386486530303955 -0.5510479807853699 1.158376693725586 1.2814559936523438 -0.5250239968299866 0.7866746783256531 1.304275631904602 -0.5147910714149475 1.7527434825897217 1.8969463109970093 -0.4939180016517639 1.1985039710998535 0.9397536516189575 -0.4678939878940582 0.8268020153045654 0.9625733494758606 -0.4418700039386749 0.45509999990463257 0.9853929877281189
-0.4418700039386749 1.2291979789733887 0.3110800087451935 -0.4418700039386749 0.9711652994155884 0.535851001739502 -0.4678939878940582 1.342867374420166 0.5130313634872437 -0.4418700039386749 0.7131326794624329 0.7606220245361328 -0.4678939878940582 1.0848346948623657 0.7378023266792297 -0.4939180016517639 1.4565366506576538 0.7149826884269714 -0.4418700039386749 0.45509999990463257 0.9853929877281189 -0.4678939878940582 0.8268020153045654 0.9625733494758606 -0.4939180016517639 1.1985039710998535 0.9397536516189575 -0.5147910714149475 1.7527434825897217 1.8969463109970093
0.12098093330860138 2.217975616455078 2.996525287628174 -0.14807304739952087 2.022770881652832 2.9717013835906982 0.438701331615448 1.4904524087905884 1.705006718635559 -0.4171270430088043 1.827566146850586 2.9468774795532227 0.16964735090732574 1.2952476739883423 1.680182695388794 0.7615727186203003 0.9454666972160339 1.3935004472732544 -0.6861810684204102 1.6323614120483398 2.922053337097168 -0.0994066372513771 1.1000429391860962 1.6553586721420288 0.49251869320869446 0.7502619624137878 1.3686764240264893 1.0844440460205078 0.4004809856414795 1.0819940567016602
-0.4418700039386749 0.45509999990463257 0.9853929877281189 0.06690134853124619 0.43689367175102234 1.0175933837890625 -0.5250239968299866 0.7866746783256531 1.304275631904602 0.5756726861000061 0.4186873137950897 1.0497937202453613 -0.01625264622271061 0.7684683203697205 1.3364760875701904 -0.6081780195236206 1.1182492971420288 1.62315833568573 1.0844440460205078 0.4004809856414795 1.0819940567016602 0.49251869320869446 0.7502619624137878 1.3686764240264893 -0.0994066372513771 1.1000429391860962 1.6553586721420288 -0.6861810684204102 1.6323614120483398 2.922053337097168
-0.008040999993681908 1.1565239429473877 -0.6331729888916016 0.20008432865142822 1.0711079835891724 -0.6381986737251282 0.07084900140762329 0.9486342668533325 -0.6357799768447876 0.4082096517086029 0.9856919646263123 -0.64322429895401 0.278974324464798 0.8632183074951172 -0.6408056616783142 0.14973899722099304 0.7407446503639221 -0.6383870244026184 0.6163349747657776 0.9002760052680969 -0.6482499837875366 0.48709964752197266 0.7778023481369019 -0.6458313465118408 0.3578643202781677 0.655328631401062 -0.6434126496315002 0.2286289930343628 0.5328549742698669 -0.6409940123558044
1.1772069931030273 -1.7207340002059937 0.27553001046180725 1.0618330240249634 -1.585099697113037 0.057173341512680054 1.1671823263168335 -1.0030326843261719 -0.047048669308423996 0.9464589953422546 -1.449465274810791 -0.16118332743644714 1.0518083572387695 -0.8673983216285706 -0.2654053270816803 1.1571576595306396 -0.2853313386440277 -0.36962735652923584 0.8310850262641907 -1.3138309717178345 -0.37953999638557434 0.9364343285560608 -0.7317639589309692 -0.4837619960308075 1.0417836904525757 -0.14969699084758759 -0.587984025478363 1.1471329927444458 0.43237000703811646 -0.6922060251235962
0.8310850262641907 -1.3138309717178345 -0.37953999638557434 0.6716006994247437 -0.7995443344116211 -0.46899598836898804 0.9364343285560608 -0.7317639589309692 -0.4837619960308075 0.5121163129806519 -0.2852576673030853 -0.5584520101547241 0.7769500017166138 -0.21747732162475586 -0.5732179880142212 1.0417836904525757 -0.14969699084758759 -0.587984025478363 0.35263198614120483 0.22902899980545044 -0.6479079723358154 0.6174656748771667 0.2968093454837799 -0.6626740097999573 0.8822993040084839 0.364589661359787 -0.6774399876594543 1.1471329927444458 0.43237000703811646 -0.6922060251235962
0.35263198614120483 0.22902899980545044 -0.6479079723358154 0.3112976551055908 0.3303043246269226 -0.6456032991409302 0.44053298234939575 0.45277801156044006 -0.6480219960212708 0.2699633240699768 0.4315796494483948 -0.6432986855506897 0.39919865131378174 0.5540533065795898 -0.6457173228263855 0.5284339785575867 0.6765270233154297 -0.6481359601020813 0.2286289930343628 0.5328549742698669 -0.6409940123558044 0.3578643202781677 0.655328631401062 -0.6434126496315002 0.48709964752197266 0.7778023481369019 -0.6458313465118408 0.6163349747657776 0.9002760052680969 -0.6482499837875366
-0.4374620020389557 -0.7137789726257324 -0.45671799778938293 -0.33753934502601624 -0.9496199488639832 -0.3630083203315735 -0.42890632152557373 -1.1260906457901 -0.11125167459249496 -0.2376166731119156 -1.1854609251022339 -0.2692986726760864 -0.3289836645126343 -1.3619316816329956 -0.017542004585266113 -0.42035067081451416 -1.5384023189544678 0.234214648604393 -0.13769400119781494 -1.4213019609451294 -0.17558899521827698 -0.22906099259853363 -1.5977725982666016 0.07616766542196274 -0.3204279839992523 -1.7742433547973633 0.32792431116104126 -0.4117949903011322 -1.9507139921188354 0.5796809792518616
0.4982520043849945 -1.7400519847869873 0.29447200894355774 0.3969930112361908 -1.6824653148651123 0.21011067926883698 0.6091963648796082 -1.5979783535003662 0.06980133801698685 0.2957339882850647 -1.6248786449432373 0.12574933469295502 0.5079373121261597 -1.5403916835784912 -0.014559995383024216 0.7201406955718994 -1.4559046030044556 -0.15486933290958405 0.194474995136261 -1.5672919750213623 0.041388001292943954 0.40667834877967834 -1.4828050136566162 -0.09892132878303528 0.6188817024230957 -1.3983179330825806 -0.2392306625843048 0.8310850262641907 -1.3138309717178345 -0.37953999638557434
-0.4418700039386749 0.472337007522583 -0.6036099791526794 -0.17703600227832794 0.3912343382835388 -0.6183759570121765 -0.4404006600379944 0.07696501165628433 -0.5546460151672363 0.08779799193143845 0.31013166904449463 -0.6331419944763184 -0.1755666732788086 -0.004137655254453421 -0.5694119930267334 -0.43893134593963623 -0.31840696930885315 -0.5056819915771484 0.35263198614120483 0.22902899980545044 -0.6479079723358154 0.0892673209309578 -0.08524032682180405 -0.5841779708862305 -0.17409734427928925 -0.39950963854789734 -0.5204479694366455 -0.4374620020389557 -0.7137789726257324 -0.45671799778938293
0.35263198614120483 0.22902899980545044 -0.6479079723358154 0.5121163129806519 -0.2852576673030853 -0.5584520101547241 0.0892673209309578 -0.08524032682180405 -0.5841779708862305 0.6716006994247437 -0.7995443344116211 -0.46899598836898804 0.2487516701221466 -0.5995270013809204 -0.4947219789028168 -0.17409734427928925 -0.39950963854789734 -0.5204479694366455 0.8310850262641907 -1.3138309717178345 -0.37953999638557434 0.408236026763916 -1.1138136386871338 -0.4052659869194031 -0.01461299229413271 -0.9137963056564331 -0.4309920072555542 -0.4374620020389557 -0.7137789726257324 -0.45671799778938293
-0.4374620020389557 -0.7137789726257324 -0.45671799778938293 -0.01461299229413271 -0.9137963056564331 -0.4309920072555542 -0.33753934502601624 -0.9496199488639832 -0.3630083203315735 0.408236026763916 -1.1138136386871338 -0.4052659869194031 0.08530967682600021 -1.1496373414993286 -0.33728232979774475 -0.2376166731119156 -1.1854609251022339 -0.2692986726760864 0.8310850262641907 -1.3138309717178345 -0.37953999638557434 0.5081586837768555 -1.3496546745300293 -0.311556339263916 0.18523234128952026 -1.3854782581329346 -0.2435726672410965 -0.13769400119781494 -1.4213019609451294 -0.17558899521827698
0.8310850262641907 -1.3138309717178345 -0.37953999638557434 0.6188817024230957 -1.3983179330825806 -0.2392306625843048 0.5081586837768555 -1.3496546745300293 -0.311556339263916 0.40667834877967834 -1.4828050136566162 -0.09892132878303528 0.2959553301334381 -1.4341416358947754 -0.1712469905614853 0.18523234128952026 -1.3854782581329346 -0.2435726672410965 0.194474995136261 -1.5672919750213623 0.041388001292943954 0.08375199884176254 -1.5186285972595215 -0.030937664210796356 -0.02697100304067135 -1.4699653387069702 -0.10326333343982697 -0.13769400119781494 -1.4213019609451294 -0.17558899521827698
0.194474995136261 -1.5672919750213623 0.041388001292943954 0.2957339882850647 -1.6248786449432373 0.12574933469295502 0.2874463200569153 -1.6773306131362915 0.20493198931217194 0.3969930112361908 -1.6824653148651123 0.21011067926883698 0.3887053430080414 -1.7349172830581665 0.2892933189868927 0.38041767477989197 -1.7873693704605103 0.3684759736061096 0.4982520043849945 -1.7400519847869873 0.29447200894355774 0.4899643361568451 -1.7925039529800415 0.37365466356277466 0.4816766679286957 -1.8449560403823853 0.4528373181819916 0.47338899970054626 -1.8974080085754395 0.5320199728012085
0.1551932394504547 -4.276587963104248 1.6358288526535034 0.27214089035987854 -4.255305290222168 1.8054308891296387 0.038245901465415955 -4.25530481338501 1.8054311275482178 0.38908857107162476 -4.234022617340088 1.9750328063964844 0.15519356727600098 -4.23402214050293 1.975033164024353 -0.0787014365196228 -4.23402214050293 1.9750335216522217 0.5060362219810486 -4.212739944458008 2.14463472366333 0.2721412181854248 -4.21273946762085 2.1446352005004883 0.03824622929096222 -4.21273946762085 2.1446354389190674 -0.19564875960350037 -4.212738990783691 2.1446359157562256
0.5563062429428101 -3.6192305088043213 2.1970717906951904 0.29270756244659424 -3.6184799671173096 2.2030558586120605 0.5395495891571045 -3.8170669078826904 2.1795928478240967 0.029108896851539612 -3.6177291870117188 2.2090399265289307 0.27595090866088867 -3.8163163661956787 2.185576915740967 0.5227929353713989 -4.014903545379639 2.162113904953003 -0.23448976874351501 -3.616978645324707 2.215023994445801 0.012352228164672852 -3.815565586090088 2.191560745239258 0.2591942250728607 -4.014153003692627 2.168097972869873 0.5060362219810486 -4.212739944458008 2.14463472366333
-0.19564875960350037 -4.212738990783691 2.1446359157562256 0.03824622929096222 -4.21273946762085 2.1446354389190674 -0.20859575271606445 -4.0141520500183105 2.1680984497070312 0.2721412181854248 -4.21273946762085 2.1446352005004883 0.025299236178398132 -4.014152526855469 2.168098211288452 -0.22154277563095093 -3.815565347671509 2.191561222076416 0.5060362219810486 -4.212739944458008 2.14463472366333 0.2591942250728607 -4.014153003692627 2.168097972869873 0.012352228164672852 -3.815565586090088 2.191560745239258 -0.23448976874351501 -3.616978645324707 2.215023994445801
0.5563062429428101 -3.6192305088043213 2.1970717906951904 0.5395495891571045 -3.8170669078826904 2.1795928478240967 0.4485865831375122 -3.6460189819335938 1.9836071729660034 0.5227929353713989 -4.014903545379639 2.162113904953003 0.43182989954948425 -3.843855381011963 1.9661281108856201 0.34086692333221436 -3.672807216644287 1.7701425552368164 0.5060362219810486 -4.212739944458008 2.14463472366333 0.4150732159614563 -4.041691780090332 1.9486491680145264 0.3241102397441864 -3.8706436157226562 1.752663493156433 0.23314723372459412 -3.6995956897735596 1.5566778182983398
0.5060362219810486 -4.212739944458008 2.14463472366333 0.38908857107162476 -4.234022617340088 1.9750328063964844 0.4150732159614563 -4.041691780090332 1.9486491680145264 0.27214089035987854 -4.255305290222168 1.8054308891296387 0.29812556505203247 -4.062974452972412 1.7790471315383911 0.3241102397441864 -3.8706436157226562 1.752663493156433 0.1551932394504547 -4.276587963104248 1.6358288526535034 0.18117789924144745 -4.084257125854492 1.6094452142715454 0.20716255903244019 -3.8919262886047363 1.5830614566802979 0.23314723372459412 -3.6995956897735596 1.5566778182983398
-0.23448976874351501 -3.616978645324707 2.215023994445801 -0.07861077785491943 -3.644517660140991 1.995575189590454 -0.22154277563095093 -3.815565347671509 2.191561222076416 0.07726822793483734 -3.6720566749572754 1.776126503944397 -0.06566375494003296 -3.843104362487793 1.9721125364303589 -0.20859575271606445 -4.0141520500183105 2.1680984497070312 0.23314723372459412 -3.6995956897735596 1.5566778182983398 0.09021523594856262 -3.870643377304077 1.7526638507843018 -0.05271676182746887 -4.041691303253174 1.9486498832702637 -0.19564875960350037 -4.212738990783691 2.1446359157562256
-0.19564875960350037 -4.212738990783691 2.1446359157562256 -0.05271676182746887 -4.041691303253174 1.9486498832702637 -0.0787014365196228 -4.23402214050293 1.9750335216522217 0.09021523594856262 -3.870643377304077 1.7526638507843018 0.06423056125640869 -4.062973976135254 1.7790474891662598 0.038245901465415955 -4.25530481338501 1.8054311275482178 0.23314723372459412 -3.6995956897735596 1.5566778182983398 0.20716255903244019 -3.8919262886047363 1.5830614566802979 0.18117789924144745 -4.084257125854492 1.6094452142715454 0.1551932394504547 -4.276587963104248 1.6358288526535034
0.47338899970054626 -1.8974080085754395 0.5320199728012085 0.17832766473293304 -1.9151766300201416 0.5479069948196411 0.43333700299263 -2.4254815578460693 0.5519099831581116 -0.11673366278409958 -1.9329453706741333 0.563793957233429 0.13827566802501678 -2.4432501792907715 0.5677970051765442 0.39328500628471375 -2.9535553455352783 0.5717999935150146 -0.4117949903011322 -1.9507139921188354 0.5796809792518616 -0.15678565204143524 -2.4610190391540527 0.583683967590332 0.09822367876768112 -2.9713239669799805 0.5876870155334473 0.5563062429428101 -3.6192305088043213 2.1970717906951904
-0.23448976874351501 -3.616978645324707 2.215023994445801 0.029108896851539612 -3.6177291870117188 2.2090399265289307 -0.4289736747741699 -2.969822645187378 0.599655032157898 0.29270756244659424 -3.6184799671173096 2.2030558586120605 -0.1653749942779541 -2.9705734252929688 0.5936710238456726 -0.42038431763648987 -2.460268259048462 0.5896679759025574 0.5563062429428101 -3.6192305088043213 2.1970717906951904 0.09822367876768112 -2.9713239669799805 0.5876870155334473 -0.15678565204143524 -2.4610190391540527 0.583683967590332 -0.4117949903011322 -1.9507139921188354 0.5796809792518616
0.5563062429428101 -3.6192305088043213 2.1970717906951904 0.4485865831375122 -3.6460189819335938 1.9836071729660034 0.39328500628471375 -2.9535553455352783 0.5717999935150146 0.34086692333221436 -3.672807216644287 1.7701425552368164 0.2855653464794159 -2.9803435802459717 0.35833531618118286 0.43333700299263 -2.4254815578460693 0.5519099831581116 0.23314723372459412 -3.6995956897735596 1.5566778182983398 0.17784567177295685 -3.007132053375244 0.14487065374851227 0.32561734318733215 -2.452270030975342 0.3384453058242798 0.47338899970054626 -1.8974080085754395 0.5320199728012085
0.47338899970054626 -1.8974080085754395 0.5320199728012085 0.32561734318733215 -2.452270030975342 0.3384453058242798 0.38041767477989197 -1.7873693704605103 0.3684759736061096 0.17784567177295685 -3.007132053375244 0.14487065374851227 0.23264600336551666 -2.342231273651123 0.1749013215303421 0.2874463200569153 -1.6773306131362915 0.20493198931217194 0.23314723372459412 -3.6995956897735596 1.5566778182983398 0.08487433195114136 -2.8970932960510254 -0.018673332408070564 0.13967466354370117 -2.2321927547454834 0.011357334442436695 0.194474995136261 -1.5672919750213623 0.041388001292943954
0.23314723372459412 -3.6995956897735596 1.5566778182983398 -0.025848666206002235 -2.8484301567077637 -0.09099899977445602 0.08487433195114136 -2.8970932960510254 -0.018673332408070564 -0.08177133649587631 -2.1348659992218018 -0.1332940012216568 0.02895166538655758 -2.1835293769836426 -0.06096833199262619 0.13967466354370117 -2.2321927547454834 0.011357334442436695 -0.13769400119781494 -1.4213019609451294 -0.17558899521827698 -0.02697100304067135 -1.4699653387069702 -0.10326333343982697 0.08375199884176254 -1.5186285972595215 -0.030937664210796356 0.194474995136261 -1.5672919750213623 0.041388001292943954
-0.23448976874351501 -3.616978645324707 2.215023994445801 -0.4289736747741699 -2.969822645187378 0.599655032157898 -0.07861077785491943 -3.644517660140991 1.995575189590454 -0.42038431763648987 -2.460268259048462 0.5896679759025574 -0.27309465408325195 -2.997361660003662 0.3802063465118408 0.07726822793483734 -3.6720566749572754 1.776126503944397 -0.4117949903011322 -1.9507139921188354 0.5796809792518616 -0.2645053267478943 -2.487807273864746 0.37021932005882263 -0.11721566319465637 -3.0249006748199463 0.1607576608657837 0.23314723372459412 -3.6995956897735596 1.5566778182983398
0.23314723372459412 -3.6995956897735596 1.5566778182983398 -0.11721566319465637 -3.0249006748199463 0.1607576608657837 -0.025848666206002235 -2.8484301567077637 -0.09099899977445602 -0.2645053267478943 -2.487807273864746 0.37021932005882263 -0.1731383353471756 -2.3113367557525635 0.11846265941858292 -0.08177133649587631 -2.1348659992218018 -0.1332940012216568 -0.4117949903011322 -1.9507139921188354 0.5796809792518616 -0.3204279839992523 -1.7742433547973633 0.32792431116104126 -0.22906099259853363 -1.5977725982666016 0.07616766542196274 -0.13769400119781494 -1.4213019609451294 -0.17558899521827698
1.0667731761932373 -4.404794692993164 1.0636478662490845 1.1773558855056763 -4.377256870269775 1.2830915451049805 0.9561905860900879 -4.377256870269775 1.2830915451049805 1.2879385948181152 -4.3497185707092285 1.5025352239608765 1.0667732954025269 -4.3497185707092285 1.5025352239608765 0.8456078767776489 -4.3497185707092285 1.5025352239608765 1.3985213041305542 -4.32218074798584 1.7219789028167725 1.1773558855056763 -4.32218074798584 1.7219789028167725 0.9561905860900879 -4.32218074798584 1.7219789028167725 0.7350252866744995 -4.32218074798584 1.7219789028167725
0.7350252866744995 -4.32218074798584 1.7219789028167725 0.9561905860900879 -4.32218074798584 1.7219789028167725 0.7350252866744995 -4.1027374267578125 1.6944408416748047 1.1773558855056763 -4.32218074798584 1.7219789028167725 0.9561905860900879 -4.1027374267578125 1.6944408416748047 0.7350252866744995 -3.883293867111206 1.6669028997421265 1.3985213041305542 -4.32218074798584 1.7219789028167725 1.1773558855056763 -4.1027374267578125 1.6944408416748047 0.9561905860900879 -3.883293867111206 1.6669028997421265 0.7350252866744995 -3.6638505458831787 1.6393648386001587
1.3985213041305542 -4.32218074798584 1.7219789028167725 1.3985213041305542 -4.1027374267578125 1.6944408416748047 1.1773558855056763 -4.1027374267578125 1.6944408416748047 1.3985213041305542 -3.883293867111206 1.6669028997421265 1.1773558855056763 -3.883293867111206 1.6669028997421265 0.9561905860900879 -3.883293867111206 1.6669028997421265 1.3985213041305542 -3.6638505458831787 1.6393648386001587 1.1773558855056763 -3.6638505458831787 1.6393648386001587 0.9561905860900879 -3.6638505458831787 1.6393648386001587 0.7350252866744995 -3.6638505458831787 1.6393648386001587
1.3985213041305542 -3.6638505458831787 1.6393648386001587 1.3985213041305542 -3.883293867111206 1.6669028997421265 1.2879385948181152 -3.6913881301879883 1.4199204444885254 1.3985213041305542 -4.1027374267578125 1.6944408416748047 1.2879385948181152 -3.9108314514160156 1.4474585056304932 1.1773558855056763 -3.718925952911377 1.2004761695861816 1.3985213041305542 -4.32218074798584 1.7219789028167725 1.2879385948181152 -4.130274772644043 1.474996566772461 1.1773558855056763 -3.9383692741394043 1.2280142307281494 1.0667731761932373 -3.7464635372161865 0.9810318350791931
1.3985213041305542 -4.32218074798584 1.7219789028167725 1.2879385948181152 -4.3497185707092285 1.5025352239608765 1.2879385948181152 -4.130274772644043 1.474996566772461 1.1773558855056763 -4.377256870269775 1.2830915451049805 1.1773558855056763 -4.15781307220459 1.255552887916565 1.1773558855056763 -3.9383692741394043 1.2280142307281494 1.0667731761932373 -4.404794692993164 1.0636478662490845 1.0667731761932373 -4.1853508949279785 1.036109209060669 1.0667731761932373 -3.965907096862793 1.0085704326629639 1.0667731761932373 -3.7464635372161865 0.9810318350791931
0.7350252866744995 -4.32218074798584 1.7219789028167725 0.7350252866744995 -4.1027374267578125 1.6944408416748047 0.8456078767776489 -4.3497185707092285 1.5025352239608765 0.7350252866744995 -3.883293867111206 1.6669028997421265 0.8456078767776489 -4.130275249481201 1.4749971628189087 0.9561905860900879 -4.377256870269775 1.2830915451049805 0.7350252866744995 -3.6638505458831787 1.6393648386001587 0.8456078767776489 -3.910831928253174 1.4474592208862305 0.9561905860900879 -4.157813549041748 1.2555534839630127 1.0667731761932373 -4.404794692993164 1.0636478662490845
0.7350252866744995 -3.6638505458831787 1.6393648386001587 0.8456078767776489 -3.6913881301879883 1.4199204444885254 0.8456078767776489 -3.910831928253174 1.4474592208862305 0.9561905860900879 -3.718925952911377 1.2004761695861816 0.9561905860900879 -3.9383695125579834 1.2280148267745972 0.9561905860900879 -4.157813549041748 1.2555534839630127 1.0667731761932373 -3.7464635372161865 0.9810318350791931 1.0667731761932373 -3.965907096862793 1.0085704326629639 1.0667731761932373 -4.1853508949279785 1.036109209060669 1.0667731761932373 -4.404794692993164 1.0636478662490845
1.3985213041305542 -3.6638505458831787 1.6393648386001587 1.189367651939392 -2.924410581588745 0.11449866741895676 1.1773558855056763 -3.6638505458831787 1.6393648386001587 1.1832873821258545 -2.3225722312927246 0.1950143426656723 0.9682023525238037 -2.924410581588745 0.11449866741895676 0.9561905860900879 -3.6638505458831787 1.6393648386001587 1.1772069931030273 -1.7207340002059937 0.27553001046180725 0.9621220231056213 -2.3225722312927246 0.1950143426656723 0.7470369935035706 -2.924410581588745 0.11449866741895676 0.7350252866744995 -3.6638505458831787 1.6393648386001587
0.7350252866744995 -3.6638505458831787 1.6393648386001587 0.7470369935035706 -2.924410581588745 0.11449866741895676 0.5207186937332153 -2.930850028991699 0.12081266939640045 0.9621220231056213 -2.3225722312927246 0.1950143426656723 0.7358036637306213 -2.3290116786956787 0.2013283371925354 0.5094853639602661 -2.3354508876800537 0.2076423466205597 1.1772069931030273 -1.7207340002059937 0.27553001046180725 0.9508886337280273 -1.7271733283996582 0.28184401988983154 0.7245703339576721 -1.7336126565933228 0.28815799951553345 0.4982520043849945 -1.7400519847869873 0.29447200894355774
1.3985213041305542 -3.6638505458831787 1.6393648386001587 1.2879385948181152 -3.6913881301879883 1.4199204444885254 1.189367651939392 -2.924410581588745 0.11449866741895676 1.1773558855056763 -3.718925952911377 1.2004761695861816 1.0787849426269531 -2.9519481658935547 -0.10494566708803177 1.1832873821258545 -2.3225722312927246 0.1950143426656723 1.0667731761932373 -3.7464635372161865 0.9810318350791931 0.9682022929191589 -2.9794859886169434 -0.3243899941444397 1.0727046728134155 -2.3501100540161133 -0.02442999742925167 1.1772069931030273 -1.7207340002059937 0.27553001046180725
1.0667731761932373 -3.7464635372161865 0.9810318350791931 0.852828323841095 -2.8438515663146973 -0.5427466630935669 0.9682022929191589 -2.9794859886169434 -0.3243899941444397 0.8419566750526428 -2.078841209411621 -0.4611433446407318 0.9573306441307068 -2.214475631713867 -0.24278666079044342 1.0727046728134155 -2.3501100540161133 -0.02442999742925167 0.8310850262641907 -1.3138309717178345 -0.37953999638557434 0.9464589953422546 -1.449465274810791 -0.16118332743644714 1.0618330240249634 -1.585099697113037 0.057173341512680054 1.1772069931030273 -1.7207340002059937 0.27553001046180725
0.7350252866744995 -3.6638505458831787 1.6393648386001587 0.5207186937332153 -2.930850028991699 0.12081266939640045 0.8456078767776489 -3.6913881301879883 1.4199204444885254 0.5094853639602661 -2.3354508876800537 0.2076423466205597 0.6313013434410095 -2.958387613296509 -0.09863166511058807 0.9561905860900879 -3.718925952911377 1.2004761695861816 0.4982520043849945 -1.7400519847869873 0.29447200894355774 0.6200680136680603 -2.3629887104034424 -0.011801998130977154 0.7418839931488037 -2.9859251976013184 -0.3180760145187378 1.0667731761932373 -3.7464635372161865 0.9810318350791931
1.0667731761932373 -3.7464635372161865 0.9810318350791931 0.7418839931488037 -2.9859251976013184 -0.3180760145187378 0.852828323841095 -2.8438515663146973 -0.5427466630935669 0.6200680136680603 -2.3629887104034424 -0.011801998130977154 0.7310123443603516 -2.220914840698242 -0.23647266626358032 0.8419566750526428 -2.078841209411621 -0.4611433446407318 0.4982520043849945 -1.7400519847869873 0.29447200894355774 0.6091963648796082 -1.5979783535003662 0.06980133801698685 0.7201406955718994 -1.4559046030044556 -0.15486933290958405 0.8310850262641907 -1.3138309717178345 -0.37953999638557434
0.47338899970054626 -1.8974080085754395 0.5320199728012085 0.4816766679286957 -1.8449560403823853 0.4528373181819916 0.7079949975013733 -1.8385167121887207 0.4465233087539673 0.4899643361568451 -1.7925039529800415 0.37365466356277466 0.7162826657295227 -1.786064624786377 0.36734065413475037 0.9426009654998779 -1.7796252965927124 0.36102667450904846 0.4982520043849945 -1.7400519847869873 0.29447200894355774 0.7245703339576721 -1.7336126565933228 0.28815799951553345 0.9508886337280273 -1.7271733283996582 0.28184401988983154 1.1772069931030273 -1.7207340002059937 0.27553001046180725
-0.10802526026964188 2.5349550247192383 -2.2574846744537354 0.01057707704603672 2.357398271560669 -2.3144092559814453 -0.22662758827209473 2.354346752166748 -2.303567409515381 0.12917941808700562 2.1798415184020996 -2.3713340759277344 -0.10802525281906128 2.1767897605895996 -2.360491991043091 -0.3452299237251282 2.1737382411956787 -2.3496499061584473 0.24778175354003906 2.0022850036621094 -2.4282586574554443 0.010577082633972168 1.9992332458496094 -2.417416572570801 -0.22662758827209473 1.9961814880371094 -2.4065747261047363 -0.4638322591781616 1.9931299686431885 -2.3957326412200928
-0.4638322591781616 1.9931299686431885 -2.3957326412200928 -0.22662758827209473 1.9961814880371094 -2.4065747261047363 -0.43535691499710083 1.953028917312622 -2.2274253368377686 0.010577082633972168 1.9992332458496094 -2.417416572570801 -0.19815225899219513 1.9560805559158325 -2.238267421722412 -0.4068816006183624 1.9129278659820557 -2.0591180324554443 0.24778175354003906 2.0022850036621094 -2.4282586574554443 0.039052415639162064 1.959132194519043 -2.2491092681884766 -0.16967691481113434 1.9159796237945557 -2.069960117340088 -0.37840625643730164 1.8728268146514893 -1.8908107280731201
0.24778175354003906 2.0022850036621094 -2.4282586574554443 0.23841241002082825 1.9616968631744385 -2.2582216262817383 0.039052415639162064 1.959132194519043 -2.2491092681884766 0.22904308140277863 1.9211089611053467 -2.0881845951080322 0.029683079570531845 1.9185442924499512 -2.0790722370147705 -0.16967691481113434 1.9159796237945557 -2.069960117340088 0.2196737378835678 1.8805208206176758 -1.9181475639343262 0.020313739776611328 1.8779561519622803 -1.9090352058410645 -0.17904625833034515 1.8753914833068848 -1.8999230861663818 -0.37840625643730164 1.8728268146514893 -1.8908107280731201
-0.10802526026964188 2.5349550247192383 -2.2574846744537354 -0.08331392705440521 2.4660391807556152 -2.0974528789520264 0.01057707704603672 2.357398271560669 -2.3144092559814453 -0.05860259383916855 2.3971235752105713 -1.9374213218688965 0.03528841212391853 2.288482666015625 -2.1543776988983154 0.12917941808700562 2.1798415184020996 -2.3713340759277344 -0.033891260623931885 2.3282079696655273 -1.7773897647857666 0.059999749064445496 2.219566822052002 -1.9943461418151855 0.15389074385166168 2.1109259128570557 -2.2113022804260254 0.24778175354003906 2.0022850036621094 -2.4282586574554443
0.2196737378835678 1.8805208206176758 -1.9181475639343262 0.22904308140277863 1.9211089611053467 -2.0881845951080322 0.13515207171440125 2.029749870300293 -1.8712282180786133 0.23841241002082825 1.9616968631744385 -2.2582216262817383 0.14452141523361206 2.0703377723693848 -2.0412652492523193 0.05063040554523468 2.17897891998291 -1.8243091106414795 0.24778175354003906 2.0022850036621094 -2.4282586574554443 0.15389074385166168 2.1109259128570557 -2.2113022804260254 0.059999749064445496 2.219566822052002 -1.9943461418151855 -0.033891260623931885 2.3282079696655273 -1.7773897647857666
-0.4638322591781616 1.9931299686431885 -2.3957326412200928 -0.43535691499710083 1.953028917312622 -2.2274253368377686 -0.3452299237251282 2.1737382411956787 -2.3496499061584473 -0.4068816006183624 1.9129278659820557 -2.0591180324554443 -0.3167545795440674 2.1336371898651123 -2.181342601776123 -0.22662758827209473 2.354346752166748 -2.303567409515381 -0.37840625643730164 1.8728268146514893 -1.8908107280731201 -0.288279265165329 2.093536138534546 -2.013035297393799 -0.19815225899219513 2.3142457008361816 -2.1352598667144775 -0.10802526026964188 2.5349550247192383 -2.2574846744537354
-0.37840625643730164 1.8728268146514893 -1.8908107280731201 -0.2635679244995117 2.024620532989502 -1.853003740310669 -0.288279265165329 2.093536138534546 -2.013035297393799 -0.1487295925617218 2.1764142513275146 -1.8151967525482178 -0.17344091832637787 2.2453298568725586 -1.9752283096313477 -0.19815225899219513 2.3142457008361816 -2.1352598667144775 -0.033891260623931885 2.3282079696655273 -1.7773897647857666 -0.05860259383916855 2.3971235752105713 -1.9374213218688965 -0.08331392705440521 2.4660391807556152 -2.0974528789520264 -0.10802526026964188 2.5349550247192383 -2.2574846744537354
-0.4418700039386749 0.472337007522583 -0.6036099791526794 -0.4148743450641632 0.5343393087387085 -0.9057373404502869 -0.21837033331394196 0.492509663105011 -0.616071343421936 -0.3878786563873291 0.5963416695594788 -1.2078646421432495 -0.19137467443943024 0.5545119643211365 -0.9181986451148987 0.005129327531903982 0.512682318687439 -0.6285326480865479 -0.37840625643730164 1.8728268146514893 -1.8908107280731201 -0.16437900066375732 0.6165143251419067 -1.2203259468078613 0.032124996185302734 0.5746846199035645 -0.9306600093841553 0.2286289930343628 0.5328549742698669 -0.6409940123558044
-0.37840625643730164 1.8728268146514893 -1.8908107280731201 -0.17904625833034515 1.8753914833068848 -1.8999230861663818 -0.16437900066375732 0.6165143251419067 -1.2203259468078613 0.020313739776611328 1.8779561519622803 -1.9090352058410645 0.03498099744319916 0.6190789937973022 -1.229438304901123 0.032124996185302734 0.5746846199035645 -0.9306600093841553 0.2196737378835678 1.8805208206176758 -1.9181475639343262 0.23434099555015564 0.6216436624526978 -1.2385506629943848 0.23148499429225922 0.57724928855896 -0.9397723078727722 0.2286289930343628 0.5328549742698669 -0.6409940123558044
0.2196737378835678 1.8805208206176758 -1.9181475639343262 0.13515207171440125 2.029749870300293 -1.8712282180786133 0.23434099555015564 0.6216436624526978 -1.2385506629943848 0.05063040554523468 2.17897891998291 -1.8243091106414795 0.14981932938098907 0.7708726525306702 -1.1916313171386719 0.23148499429225922 0.57724928855896 -0.9397723078727722 -0.033891260623931885 2.3282079696655273 -1.7773897647857666 0.06529766321182251 0.9201016426086426 -1.144711971282959 0.14696332812309265 0.7264782786369324 -0.8928530216217041 0.2286289930343628 0.5328549742698669 -0.6409940123558044
-0.033891260623931885 2.3282079696655273 -1.7773897647857666 -0.013592333532869816 1.1279913187026978 -1.142104983329773 0.06529766321182251 0.9201016426086426 -1.144711971282959 -0.010816666297614574 1.142257571220398 -0.8876389861106873 0.0680733323097229 0.9343679547309875 -0.8902460336685181 0.14696332812309265 0.7264782786369324 -0.8928530216217041 -0.008040999993681908 1.1565239429473877 -0.6331729888916016 0.07084900140762329 0.9486342668533325 -0.6357799768447876 0.14973899722099304 0.7407446503639221 -0.6383870244026184 0.2286289930343628 0.5328549742698669 -0.6409940123558044
-0.4418700039386749 0.472337007522583 -0.6036099791526794 -0.2972603440284729 0.7003993391990662 -0.6134642958641052 -0.4148743450641632 0.5343393087387085 -0.9057373404502869 -0.15265066921710968 0.9284616112709045 -0.6233186721801758 -0.2702646553516388 0.7624016404151917 -0.9155916571617126 -0.3878786563873291 0.5963416695594788 -1.2078646421432495 -0.008040999993681908 1.1565239429473877 -0.6331729888916016 -0.12565499544143677 0.9904639720916748 -0.9254459738731384 -0.24326899647712708 0.8244039416313171 -1.2177189588546753 -0.37840625643730164 1.8728268146514893 -1.8908107280731201
-0.033891260623931885 2.3282079696655273 -1.7773897647857666 -0.1487295925617218 2.1764142513275146 -1.8151967525482178 -0.013592333532869816 1.1279913187026978 -1.142104983329773 -0.2635679244995117 2.024620532989502 -1.853003740310669 -0.12843066453933716 0.9761976003646851 -1.1799119710922241 -0.010816666297614574 1.142257571220398 -0.8876389861106873 -0.37840625643730164 1.8728268146514893 -1.8908107280731201 -0.24326899647712708 0.8244039416313171 -1.2177189588546753 -0.12565499544143677 0.9904639720916748 -0.9254459738731384 -0.008040999993681908 1.1565239429473877 -0.6331729888916016
-0.5147910714149475 1.7527434825897217 1.8969463109970093 -0.5719210505485535 1.7126160860061646 2.2386486530303955 -0.5652593970298767 2.0768818855285645 1.7871880531311035 -0.6290510892868042 1.672488808631897 2.580350875854492 -0.6223894357681274 2.0367543697357178 2.1288902759552 -0.6157277822494507 2.401020050048828 1.6774296760559082 -0.6861810684204102 1.6323614120483398 2.922053337097168 -0.6795194149017334 1.9966270923614502 2.470592498779297 -0.6728577613830566 2.3608927726745605 2.019132137298584 -0.6661961078643799 2.725158214569092 1.567671298980713
